107
0 1 0
0 1 1
0 2 0
0 2 1
0 3 0
0 3 1
0 4 0
0 4 1
0 4 1
0 5 0
0 5 1
0 6 0
0 6 1
0 6 1
0 7 0
0 7 1
0 8 0
0 8 1
0 9 0
0 9 1
0 10 0
0 10 1
0 11 0
0 11 1
0 12 0
0 12 1
0 13 2
0 14 3
0 15 3
0 16 3
0 17 3
0 18 3
0 19 3
0 20 3
0 21 3
0 22 3
0 23 3
0 24 3
0 25 3
0 26 3
0 27 3
6 28 4
13 1 0
13 1 1
13 2 0
13 2 1
13 3 0
13 3 1
13 8 0
13 8 1
13 10 0
13 10 1
13 6 0
13 6 0
13 6 1
13 12 0
13 12 1
13 28 2
13 14 3
13 15 3
13 16 3
13 17 3
13 18 3
13 19 3
13 20 3
13 21 3
13 22 3
13 23 3
13 24 3
13 26 3
13 27 3
13 25 3
28 30 0
28 30 1
28 30 1
28 1 0
28 1 1
28 31 0
28 31 1
28 32 0
28 32 1
28 6 0
28 6 1
28 33 0
28 33 1
28 34 0
28 34 1
28 35 0
28 35 1
28 36 3
28 14 3
28 15 3
28 16 3
28 17 3
28 18 3
28 19 3
28 20 3
28 37 3
28 38 3
28 39 3
28 40 3
28 41 3
28 42 3
28 43 3
28 44 3
28 45 3
29 13 4
