0 1 
2 2169 2494 2171 2495 
3 2 
4 2 
5 2 
6 2 
7 2 
8 2507 
9 8 
10 2508 3446 3483 
11 10 
12 10 
13 2407 2409 
14 13 
15 10 
16 2529 3447 3449 3482 3488 
17 16 
18 2530 3218 3448 
19 18 
20 10 
21 10 
22 10 
23 2532 2533 
24 23 
25 10 12 
26 10 12 
27 10 
28 10 
29 2578 3202 
30 29 
31 2580 2578 3289 
32 31 
33 2409 2407 
34 33 10 4748 
36 35 
37 29 
38 10 12 
39 2612 2614 3459 3463 
40 39 
41 10 
42 29 
43 10 
44 10 
45 23 
46 10 
47 2626 2789 3449 
48 47 
49 10 43 
50 2629 3442 2631 3443 
51 50 
52 2113 
53 52 
54 10 
55 10 
56 10 
57 10 
58 10 
59 10 
60 2662 2805 2806 3454 3455 
61 60 
62 60 
63 10 
64 10 
65 10 43 
66 10 43 
67 2614 2612 3459 3463 
68 67 
69 10 43 
70 67 
71 10 43 
72 10 43 
73 2087 2089 
74 73 
75 10 
76 10 
77 10 
78 10 
79 10 
80 2614 3460 
81 80 
82 80 
83 10 
84 10 
85 10 
86 10 
87 10 
88 10 43 
89 10 
90 47 
91 10 89 
92 10 
93 10 
94 10 
95 2726 2409 2951 3475 
96 95 
97 95 
98 95 
99 95 
100 95 
101 95 
102 95 
103 95 
104 95 
105 95 
106 95 
107 95 
108 95 
109 95 
110 10 
111 10 
112 10 
113 10 
114 10 89 
115 10 89 
116 10 89 
117 10 89 
118 10 89 
119 80 
120 10 89 
121 10 
122 2580 3289 2578 3444 3486 
123 122 
124 122 
125 122 
126 122 
127 47 
128 10 121 
129 10 
130 10 
131 95 
132 95 
133 95 
134 95 
135 95 
136 95 
137 95 
138 95 
139 10 
140 10 
141 10 
142 67 
143 10 121 
144 10 
145 2839 2951 2726 
146 145 
147 145 
148 145 
149 145 
150 145 
151 145 
152 145 
153 67 
154 2862 3467 
155 154 
156 154 
157 145 
158 145 
159 145 
160 145 
161 2864 
162 161 
163 161 
164 145 146 
165 161 
166 161 
167 145 
168 2612 2614 
169 168 
170 145 
171 145 
172 145 
173 145 
174 145 
175 145 
176 2904 
177 176 
178 145 
179 145 146 
180 145 146 
181 145 
182 2901 
183 182 
184 145 146 
185 145 146 
186 161 
187 161 
188 145 146 
189 161 
190 2951 
191 190 
192 161 
193 161 
194 161 
195 161 
196 67 
197 10 
198 2996 
199 198 
200 2997 
201 200 
202 198 
203 3080 
204 203 
205 145 
206 3080 
207 206 
208 168 
209 206 
210 206 
211 145 
212 145 
213 200 
214 200 
215 200 
216 200 
217 200 
218 200 
219 200 
220 200 
221 3128 
222 221 
223 23 
224 10 
225 10 
226 206 
227 200 
228 10 
229 10 
230 10 
231 10 
232 145 146 
233 145 146 
234 145 
235 206 
236 145 
237 145 
238 145 146 
239 145 146 
240 145 
241 23 
242 23 
243 60 
244 18 
245 10 
246 10 
247 18 
248 122 
249 31 
250 122 
251 122 
252 122 
253 31 
254 3289 3444 3445 3475 2726 
255 254 122 3469 4748 
256 122 
257 254 10 4748 5372 
258 254 
259 260 357 
261 259 621 
264 265 
265 264 
266 267 268 
269 267 268 
270 271 544 379 545 400 363 548 425 551 553 412 556 559 560 561 562 563 426 564 566 568 394 569 570 571 573 574 397 607 
272 259 621 
276 275 
277 278 279 288 
280 281 
282 280 259 
283 280 282 286 259 287 
285 286 
286 285 280 259 
287 259 
289 290 291 279 292 293 294 
291 289 1901 
295 289 289 
296 1 
297 289 1901 
298 289 
299 259 621 
300 301 302 496 565 567 394 425 570 575 462 576 260 581 588 596 604 725 657 360 279 730 732 734 738 741 743 745 747 754 396 397 756 759 1581 1735 3412 3413 3414 3415 3416 3417 3418 3419 3420 3421 3422 3423 2424 1301 3503 457 1255 3536 3508 3577 3586 
303 300 
304 305 305 306 307 308 
309 305 310 311 312 314 279 316 317 318 319 320 321 322 323 324 325 326 327 306 308 
311 309 937 
312 309 937 
313 309 937 
315 309 937 
328 309 937 
329 330 331 350 352 
332 289 
333 289 
334 260 335 
336 337 341 316 442 408 
339 1 
341 1901 
343 344 345 
346 347 
348 349 
351 329 
353 354 355 
356 357 335 462 463 464 465 466 467 468 469 477 355 478 479 480 481 482 483 484 485 486 487 488 489 490 
358 335 356 360 361 362 363 364 365 366 367 368 369 370 371 377 378 379 380 381 382 383 384 385 386 387 388 389 392 393 394 395 396 397 398 399 400 401 404 405 406 407 408 409 410 411 412 413 414 415 416 417 421 422 423 424 425 426 428 429 430 431 432 458 459 
359 1 
390 1 4049 3989 
402 403 
418 419 
420 418 
427 349 
433 289 289 1901 
434 289 1901 
435 289 289 
436 289 
437 289 1901 
438 289 1901 
439 289 1901 
441 1840 
444 289 1901 
445 289 1901 
446 289 1901 1901 
447 289 1901 
448 289 1901 
450 289 289 1901 
451 289 289 
452 289 1901 
453 289 289 
454 260 455 306 502 
456 457 428 300 360 361 362 363 365 366 1678 682 401 1257 676 425 426 379 394 3545 1455 1690 681 1626 683 
460 461 
470 260 455 471 306 472 
473 260 
474 475 396 397 335 
476 354 355 494 495 590 591 349 7172 7175 
491 335 474 360 361 362 363 365 366 367 368 369 370 371 364 377 378 379 380 381 382 383 384 385 386 387 388 389 392 393 394 395 396 398 397 399 400 401 404 405 406 407 408 409 410 411 412 413 414 415 416 417 425 426 421 422 423 424 428 429 430 431 432 458 
492 1 
493 1 
497 260 
498 497 
499 1 
500 499 621 
501 499 621 
502 454 626 
503 504 
505 506 507 526 533 534 535 537 538 
507 505 769 
508 505 769 
509 454 626 
510 260 521 523 
511 510 697 697 697 697 697 697 697 697 697 697 697 697 697 697 697 697 697 697 697 697 697 697 697 697 
514 513 1978 3593 3631 3677 3697 3986 3991 4008 4056 4072 4078 4092 4109 4135 4147 4151 4153 4374 4429 4523 4587 5588 5607 6193 
515 510 697 697 697 697 697 697 697 697 697 697 697 697 697 697 697 697 697 697 697 697 697 697 697 697 
516 510 515 517 697 1980 3594 3632 3678 3698 3987 3992 4009 4057 4073 4079 4093 4110 4136 4148 4152 4154 4375 4430 4524 4588 5589 5608 6194 
517 510 
518 517 1980 3594 3632 3678 3698 3987 3992 4009 4057 4073 4079 4093 4110 4136 4148 4152 4154 4375 4430 4524 4588 5589 5608 6194 
519 454 626 
520 454 626 
522 510 
524 510 
525 510 
526 505 769 
527 528 
529 527 
530 527 529 531 
531 527 
532 531 
533 505 769 
534 505 769 
536 505 
537 505 
539 300 300 
540 300 
541 300 
542 300 
543 300 
546 475 547 549 550 552 554 555 557 558 363 551 607 553 400 401 425 570 
574 270 
577 578 363 379 587 394 400 401 425 570 
579 260 300 360 365 379 582 583 584 361 394 585 363 586 397 587 538 362 401 425 570 366 929 3539 657 3675 3408 3978 4081 3505 4082 4083 3542 4084 4085 4086 4087 673 4088 4089 4090 4091 4094 4095 4096 4097 1246 4098 4099 4100 4101 4102 3544 4103 1218 1220 4104 4105 4106 4107 1185 1186 4108 4111 4112 4113 4114 4115 4116 4117 4118 4119 4120 4121 4122 4123 4124 4125 4126 1349 4127 4128 4129 4130 1351 4131 4132 4133 4134 609 735 4137 4138 4139 4140 
580 1 
589 588 300 360 592 593 365 594 595 279 596 361 597 598 599 601 603 
600 589 589 
602 589 589 
605 260 300 360 365 379 606 394 400 401 425 570 363 362 426 551 361 607 553 608 609 464 366 702 396 397 
610 357 335 581 547 549 550 552 554 555 557 558 748 364 379 750 425 426 363 389 
611 335 610 360 361 362 363 365 366 367 368 369 370 371 665 668 385 379 364 377 378 380 381 382 383 384 386 387 388 389 392 393 394 395 396 397 398 399 400 401 404 405 406 407 408 409 410 411 412 413 414 415 416 417 425 426 458 421 422 423 424 
612 1 
613 354 432 614 615 363 616 617 618 619 494 495 590 591 349 
620 1 
621 260 300 360 365 361 362 363 379 622 288 623 394 400 401 425 538 570 551 607 553 585 637 638 301 639 640 625 384 385 630 366 643 644 649 650 651 656 581 657 658 279 596 660 661 662 663 664 666 667 669 670 582 671 678 680 684 685 687 689 693 397 694 696 698 699 701 560 609 464 703 707 674 708 710 673 711 712 713 714 779 780 1015 1016 1017 1018 1029 1030 1031 1032 1033 1034 1035 1036 1037 1038 1039 1040 1041 1042 1043 1044 1045 1046 1047 1048 1049 1050 1051 1052 367 1053 1054 1055 1056 1057 1058 1059 1060 1061 1062 1063 1064 1065 1066 1067 1068 1069 1070 1071 1072 1073 1074 1075 1076 1077 1078 1079 1080 1081 1082 1083 1084 1085 1086 1087 1088 1089 587 1091 1092 1093 1095 1096 1097 1098 1099 1100 1101 1102 1103 1104 1105 1106 1107 1109 1110 1111 1112 1113 1114 1115 1116 1117 1118 1119 1120 1121 1122 1123 1124 1125 1126 1127 1128 1129 1130 1131 1132 1133 1134 1135 753 1136 1137 1138 1139 1140 1141 1142 1143 1144 1145 1146 1147 1148 1149 1150 1151 1152 1153 1154 1155 1156 1157 1158 1159 1160 1161 1162 1163 1164 1165 1166 1167 1168 1169 1170 1171 1172 1173 1174 1175 1176 1177 1178 1179 1180 1181 1182 1183 1184 1185 1186 1187 729 1188 1189 1190 1191 1192 1193 1194 1195 1196 1197 1198 1199 431 1200 1201 1202 1203 1204 1205 1206 1207 1208 1209 1210 1211 556 1212 1213 706 923 1214 1215 1216 1217 1218 1219 1220 357 382 1221 1222 1223 1224 1225 1227 1226 1228 1229 709 1230 1231 1232 1233 1234 1235 1236 1237 1238 1239 1240 1241 1242 1243 1244 1245 1246 1247 1248 1249 1250 1251 1252 1253 1254 934 1255 1256 1257 1258 1259 1260 1261 1262 1263 1264 1265 1266 1267 1268 1269 1270 1271 1272 1273 1274 1275 1276 1277 1278 1279 1280 1281 1282 1283 1284 1285 1286 1287 1288 1289 1290 1291 1292 1293 1294 1295 1296 1297 1298 1299 1300 1301 1302 1303 1304 1305 1306 1307 1308 1309 1310 1311 1312 1313 1314 586 1315 1316 1317 1318 1319 1320 1321 1322 1323 1324 1325 1326 1327 1328 1329 1330 405 467 1331 1332 1333 1334 1335 1336 1337 1338 1339 1340 752 1341 1342 1343 1344 1345 1346 1347 1348 1349 1350 1351 1352 1353 1354 1355 565 567 1356 1357 1358 1359 1360 1361 1362 578 1363 1364 1365 1366 1367 1368 715 506 1369 1370 1371 1372 1373 1374 1375 1376 627 1377 1378 1379 1380 1381 1382 1383 1384 1385 1386 1387 1388 1389 1390 1391 1392 1393 1394 606 1395 1396 1397 1398 1399 1400 1401 1402 1403 1404 1405 1406 1407 1408 1409 1410 1411 1412 1413 1414 1415 430 1416 1417 1418 1419 1420 1421 1422 1423 1424 1425 1426 1427 1428 1429 1430 1431 1432 1433 1434 1435 1436 1437 1438 1439 1440 1441 1442 559 1443 1444 886 890 1445 1446 1447 1448 1449 1450 1451 1452 1453 1454 1455 1456 1457 1458 1459 1460 1461 1462 1463 1464 1465 1466 1467 1468 475 1469 1470 716 1471 1472 1473 1474 1475 1476 1477 1478 1479 1480 1481 1482 1483 1484 1485 1486 1487 1488 1489 1490 1491 1492 1493 1494 1495 1496 1497 1498 1499 1500 1501 1502 1503 1504 1505 1506 386 679 1507 1508 548 1509 1510 1511 1512 1513 1514 1515 1516 1517 1518 1519 1520 1521 1522 1523 1524 1525 1526 1527 1528 1529 1530 1531 1532 1533 1534 1535 1536 1537 1538 1539 1540 1541 1542 1543 1544 1545 1546 1547 1548 1549 1550 1551 1552 1553 1554 1555 1556 1557 1558 1559 1560 1561 1562 1563 1564 1565 1566 1567 1568 1569 1570 1571 1572 1573 1574 1575 1576 1577 1578 1579 1580 1582 1583 1584 1588 1593 1594 1595 1596 1597 1598 1599 1600 1601 1602 1603 1604 1605 1606 1607 1608 1609 1610 1611 1612 1613 1614 1615 1621 1622 1623 1624 1625 1626 561 1627 1628 1629 461 1630 1631 1632 1633 1634 1635 1636 1637 1638 1639 1640 1641 381 1642 1643 1644 1645 1646 1647 1648 1649 1650 428 1651 1652 1653 1654 1655 1656 1657 1658 1659 1660 1661 471 1662 1663 1664 1665 1666 1667 1668 1669 1670 1671 1672 1673 1674 1675 1676 1677 1678 1679 1680 1681 1682 1683 1684 1685 1686 1687 1688 1689 1690 1691 1692 1693 1694 1695 1696 1697 1698 1699 1700 1701 1702 380 1703 1704 1705 410 408 3053 1763 7318 1708 
624 260 300 360 365 361 362 363 379 625 538 384 385 630 366 673 587 679 462 682 401 688 369 370 371 425 426 394 396 397 585 692 1904 1906 1004 1005 464 623 2306 2307 2308 2309 2310 1568 2311 2312 2313 2314 2315 664 
626 260 300 360 365 361 362 363 379 627 502 519 632 633 520 455 425 426 394 695 366 306 509 1025 2546 2552 2632 3082 3083 1401 561 1742 683 3641 2162 2044 2057 1027 1137 623 
628 260 300 360 365 361 362 363 379 629 630 674 585 400 401 675 676 677 394 639 681 397 425 426 683 686 471 706 709 587 407 408 409 410 623 462 576 715 387 570 716 717 718 561 719 720 721 464 691 640 551 607 553 544 396 724 726 731 733 737 739 742 744 746 668 749 751 752 755 757 758 761 763 305 279 596 880 1409 1708 1709 1337 1389 1615 1710 288 496 1621 1712 1716 1720 1719 1717 1722 877 944 1763 1411 1614 1766 992 1813 1814 1246 1815 1816 1817 1818 1819 1820 1823 1827 1829 1979 1606 1830 3504 3408 3505 3506 3509 3510 3511 3512 3513 3514 3515 3517 3518 3519 3520 3523 3524 3525 3528 3529 3541 3542 3543 1476 1477 3544 455 306 3618 3656 3587 1304 1306 3674 1984 4172 3584 5428 415 416 5785 317 318 5795 5646 657 7389 7390 854 
631 626 
634 626 
635 624 
637 621 
638 621 
641 621 
643 621 
645 644 621 596 647 648 652 653 384 365 654 
646 1 300 
649 621 
655 644 621 360 384 365 385 361 672 362 363 394 640 425 426 379 
659 1 610 
666 621 
670 621 
689 621 
690 1 300 
697 260 300 360 365 361 362 363 379 700 560 698 702 704 705 585 551 394 696 553 707 708 607 762 3501 5630 1248 1123 5631 895 5632 5633 5634 5635 
710 621 
711 621 
712 621 
713 621 
721 628 
722 628 
723 1 300 
727 725 300 360 365 538 560 361 362 363 686 394 400 401 425 570 
728 260 300 360 365 361 362 363 379 729 462 686 401 609 735 736 740 587 394 753 464 702 400 425 570 585 696 698 707 708 551 608 391 767 768 772 774 773 775 776 777 305 778 330 770 771 4155 4156 397 
743 300 
759 300 
760 1 300 
761 628 
764 267 268 2439 3434 3526 347 
765 267 268 425 426 394 324 325 812 811 1622 1623 813 3316 3317 330 326 786 327 3318 789 790 814 815 816 817 818 3319 1428 819 3320 3321 3322 3323 3324 3325 3326 3327 794 795 796 839 840 3328 3329 1658 1659 1532 1534 1701 3330 3331 3332 3333 3334 3335 3336 3337 1672 1673 841 842 3338 1646 1647 843 793 837 687 1243 3339 3340 1012 1013 856 3341 3342 3343 1676 1677 1223 1224 3344 3345 3346 3347 3348 3349 3350 3351 3352 792 834 3353 3354 3355 3356 1315 1316 791 822 835 3357 3358 826 825 824 823 820 801 3359 3360 847 3361 3362 798 846 3363 3364 3365 3366 3367 3368 3369 3370 845 3371 422 844 3372 3373 833 3521 
766 278 288 279 1764 1765 397 538 3597 400 407 408 409 411 561 1746 3598 683 
769 506 1774 1775 360 1776 1777 1778 535 337 344 369 370 371 279 596 1786 1787 1788 1789 1790 1791 1792 1793 832 831 830 811 316 317 1794 1795 1796 1797 1801 1802 1805 1806 1808 1809 1810 1812 534 533 2110 306 3425 3427 3426 3428 3429 3424 1811 3435 3437 3436 3438 3440 3430 3439 4004 4006 4005 5650 5651 
773 728 
775 728 
776 728 
777 728 
780 621 
781 305 305 306 308 
782 330 783 784 785 323 324 325 326 786 327 787 789 790 791 792 793 794 795 796 797 798 799 800 801 802 803 804 805 806 809 810 811 812 813 814 815 816 817 818 819 820 821 822 823 824 825 826 827 279 596 828 829 833 834 835 836 837 838 839 840 841 842 843 844 845 846 847 360 318 848 849 850 851 852 853 854 855 369 293 856 857 858 859 860 861 862 863 864 865 866 867 868 459 875 592 877 305 1004 1005 1006 832 831 830 1723 1724 1642 1512 1725 1726 1728 1729 1730 1733 1281 342 442 1881 1882 1883 1884 1885 1880 340 1900 294 317 319 290 657 584 1903 316 320 321 808 1905 807 1799 3549 463 465 466 467 468 1237 322 1794 1795 1797 331 7339 7340 7341 7342 7343 7344 7345 1804 7346 292 7347 7348 1432 7355 7357 7358 7367 7368 7369 7370 7371 7372 7373 3328 1643 1644 7374 7375 7376 7377 7378 7379 7380 4007 4010 7381 7382 7353 7401 1803 2018 6222 7444 
865 782 
878 305 782 
879 1 
881 880 628 360 365 883 496 396 884 397 885 886 369 370 371 400 401 362 363 364 421 425 426 422 423 424 379 386 890 891 568 894 895 896 897 898 899 900 901 902 903 904 905 906 907 908 909 910 911 912 913 914 915 585 916 917 919 920 921 922 464 778 305 389 366 924 314 925 926 927 928 
882 260 880 935 933 1581 1713 1714 1715 1823 682 387 419 290 403 2439 3571 1602 4069 4074 1820 3503 1255 1301 3539 1403 4161 4163 4164 5489 5646 1688 7312 1237 
888 880 
930 929 579 360 361 362 363 365 366 425 426 379 394 364 665 932 933 934 935 
931 1 300 
936 929 579 360 361 362 363 365 366 425 426 379 394 665 932 933 934 935 
937 305 782 938 380 369 370 371 362 363 464 366 939 379 279 596 360 386 458 355 429 430 425 426 394 385 640 352 940 442 941 387 314 877 944 945 315 946 947 948 949 950 952 953 581 954 956 957 432 959 960 961 962 963 964 965 966 967 968 969 970 971 972 973 974 975 976 977 978 979 980 981 288 982 983 984 994 995 996 997 998 377 378 389 594 401 932 933 328 999 1001 1002 1003 623 307 428 1007 1008 365 1009 364 381 361 778 1012 1013 1014 1019 1020 1021 1022 1023 1024 1025 1026 1027 1028 313 1090 1094 310 311 312 1108 412 1706 1707 1611 551 607 553 560 696 698 1758 702 608 561 408 1767 1768 1769 1770 316 317 318 319 320 321 322 323 324 325 326 327 306 308 
999 937 7386 
1010 305 
1019 937 7386 
1142 621 
1214 621 
1308 621 
1330 621 
1396 621 
1400 621 
1407 621 
1413 621 
1585 1581 300 360 365 1587 946 361 
1589 260 300 
1711 628 
1719 628 
1720 628 
1722 628 
1734 1735 
1736 278 1530 1737 1738 400 1739 681 1740 1741 1580 1742 1743 464 891 715 560 1744 1745 592 593 595 279 596 369 1518 1597 407 408 409 410 1746 1175 1288 1747 1709 1748 1656 696 698 1749 397 1750 561 411 1751 1752 1252 1432 1606 992 1813 1814 1246 1815 1816 1817 1818 1819 1820 3397 950 952 953 
1753 1735 300 360 365 1607 1252 361 1754 1755 362 363 366 1606 425 426 379 394 1609 1610 1611 1756 1757 640 3403 3404 3405 3406 3402 3400 3410 
1759 937 605 
1760 1761 
1761 1760 
1771 929 
1772 1773 
1779 344 
1780 337 769 360 365 1432 1782 362 363 1783 366 379 425 426 394 1785 858 859 469 472 
1781 1 
1784 344 769 360 365 1432 1782 946 947 948 362 363 366 425 426 379 394 1785 
1798 337 316 1794 1797 442 1804 811 408 
1800 1 
1810 769 769 
1811 769 769 
1812 769 769 
1824 1823 628 360 365 1607 1252 361 362 363 366 1606 425 426 379 394 1609 1610 1611 1755 
1825 1823 
1830 628 628 
1831 628 
1833 300 
1837 347 1838 419 581 
1839 1 
1840 419 1837 360 1841 1842 1843 365 1844 884 1845 1847 1848 1849 1850 1851 696 698 1852 1853 1854 1855 1856 1857 1858 1859 1860 1861 1862 1863 1864 1865 1866 1867 1868 1869 1870 1871 1872 1873 1874 1875 1876 1877 1878 1879 1887 1889 1890 1891 1892 1893 1894 1895 1896 1897 1898 1899 361 895 891 425 426 379 363 1920 1924 464 1929 288 1932 1934 1935 1937 1938 1940 1941 1943 1944 1945 1946 1947 1948 1949 1950 1951 1952 1954 1955 1956 1957 1958 1959 1960 1961 1962 1963 1964 1965 1966 1967 1968 1969 1970 1971 1972 1973 403 581 560 707 708 676 1981 1982 551 1983 1984 1989 
1880 782 7386 
1881 782 7386 
1882 782 7386 
1883 782 7386 
1884 782 7386 
1885 782 7386 
1886 929 579 360 361 362 363 365 366 425 426 379 394 364 1888 932 933 385 
1901 290 782 294 1907 365 1605 464 1908 1909 1910 1911 1912 1913 1914 1915 1916 1917 1918 1919 1921 1922 1923 1925 1926 1927 1928 1930 1931 1933 1936 884 1851 361 1939 1942 883 696 698 364 396 1461 386 379 640 477 362 363 1487 369 370 371 279 366 385 352 940 316 317 318 319 442 1990 1991 1992 1994 293 1995 1996 288 1998 1999 560 551 607 708 2005 2006 2007 553 608 1606 1607 425 426 394 1609 1610 1611 676 1981 1982 1983 1984 449 2011 2012 2013 2014 446 2019 2020 2021 2023 2026 2027 444 2028 2029 2030 2031 2032 2033 2034 2035 2036 2037 2038 2039 1262 623 411 668 408 2040 2042 387 2043 2044 1183 2045 2046 428 397 2048 2050 2049 2051 384 2052 2053 2054 2055 2056 2057 2059 581 657 2062 2063 2064 2066 2067 2068 2069 1025 1027 2070 2071 2072 2073 2074 2075 2076 2077 2078 2079 2080 2081 400 401 2082 2083 1337 1389 2084 2085 2086 2090 458 1758 702 2103 381 380 2104 2015 2107 2111 2126 2127 2128 2129 2130 2131 2132 447 854 2133 2134 2135 2136 2137 438 2144 2145 2152 2165 2177 2178 2179 2180 2181 2182 2183 2184 2185 2186 2187 2188 2189 2190 2191 2192 2193 2194 2195 2196 2197 2198 2199 2200 2201 2202 2203 2204 2205 2206 2207 2208 2211 2212 2214 2215 2216 2217 2218 2219 2220 2221 2222 2223 2224 2225 2226 2227 2228 2229 2230 2231 2232 2233 2234 2235 2236 2237 2238 2239 2241 2243 2245 2247 2249 2251 2253 2255 2257 2259 2260 2261 2262 2263 2267 2269 2270 2272 2273 2274 2275 2276 2277 2278 2279 2280 2281 2282 2283 2284 2285 2286 2287 2288 2289 2290 2291 2292 2293 2316 2318 2343 2250 2248 2254 2252 2396 2397 2258 2256 2112 2402 1026 2489 2491 1020 2492 2162 2502 2503 2504 2505 2519 2520 2522 2540 2541 2542 439 2545 2548 2553 2571 2592 2593 2609 2620 2621 2625 2633 332 2642 2641 2643 2654 452 2582 2585 2610 2661 2786 2855 2873 2874 2875 2876 2878 2955 2959 3057 3066 3082 3083 2691 3099 3123 3185 2574 2597 3186 3228 2788 3281 2877 2879 1247 630 1489 681 2881 2884 2886 538 2887 686 1333 891 291 3382 292 1558 409 469 3056 3385 707 4252 2570 2403 4385 3304 4409 4411 4412 4420 4424 4448 4276 4576 4584 448 4598 4599 4706 4716 4725 4726 4727 4738 3235 4807 4821 4822 4823 4829 4830 4862 4863 4864 4866 4867 4868 4869 4870 4871 4872 4873 4874 4875 4876 4877 4878 4879 4880 4881 4882 4883 4884 4885 4886 4887 4891 4964 5021 5025 5026 5074 5086 5105 5106 5107 5108 5116 5117 5118 5119 5120 5121 5148 5149 5241 5249 5321 5322 5328 5329 5330 5353 5368 5390 5441 5486 5489 5339 5357 5000 
1902 3585 3981 
1974 1 1837 
1975 403 1840 360 1848 1847 1843 365 1844 884 1845 1849 1850 1851 696 698 1852 1853 1854 1855 1856 1857 1858 1859 1860 1861 1862 1863 1864 1865 1866 1867 1868 1870 361 1920 1924 464 379 1929 707 708 
1976 349 613 360 1977 364 379 386 355 369 370 371 365 458 
1980 697 
1985 403 1840 360 1848 1847 1843 365 1844 884 1845 1849 1850 1851 696 698 1852 1853 1854 1855 1856 1857 1858 1859 1860 1861 1862 1863 1864 1865 1866 1867 1868 1870 361 1920 1924 464 379 1929 707 708 
1986 349 613 360 1977 364 379 386 355 369 370 371 365 458 
1987 403 1840 360 1848 1847 1843 365 1844 884 1845 1849 1850 1851 696 698 1852 1853 1854 1855 1856 1857 1858 1859 1860 1861 1862 1863 1864 1865 1866 1867 1868 1870 361 1920 1924 464 379 1929 707 708 288 
1988 349 613 360 1977 364 379 386 355 369 370 371 365 458 
1989 1987 1840 
2000 1901 1901 2060 2060 2509 2509 
2002 2003 
2003 2002 
2008 1901 
2012 1901 
2013 1901 
2015 1901 
2020 1901 1901 
2022 1901 1901 
2024 1901 
2039 1901 
2041 929 579 360 361 362 363 365 366 425 426 379 394 364 1888 932 933 385 
2046 1901 
2048 1901 
2049 1901 
2050 1901 
2058 626 
2059 1901 1901 
2060 290 1901 294 1907 365 1605 464 1908 1909 1910 1911 1912 1913 1914 1915 1916 1917 1918 1919 1921 1922 1923 1925 1926 1927 1928 1930 1931 1933 1936 884 1851 361 1939 1942 883 696 698 364 396 1461 386 379 1995 279 293 1996 362 363 640 425 426 394 366 288 1998 1999 551 607 708 401 369 370 371 385 352 940 316 317 318 319 676 1981 1982 560 1983 1984 553 608 2040 2042 387 1487 2043 2044 1183 2045 2028 2032 384 2052 1262 623 411 668 408 1025 2057 2162 
2061 1 782 
2062 1901 
2063 1901 
2064 1901 
2066 1901 
2067 1901 
2068 1901 
2069 1901 
2070 1901 
2071 1901 
2072 1901 
2073 1901 
2074 1901 
2075 1901 
2076 1901 
2077 1901 
2078 1901 
2079 1901 
2080 1901 
2081 1901 
2083 1901 5490 5609 5658 6227 
2084 1901 
2085 1901 
2087 1901 2098 2099 7419 
2088 2089 2087 
2089 1901 3636 3637 280 5544 4184 621 
2090 1901 
2091 2092 
2092 2091 
2094 697 697 697 697 697 697 697 697 697 697 697 697 697 697 697 697 697 697 697 697 697 697 697 697 697 697 697 697 697 697 697 697 697 697 697 697 697 697 697 697 697 697 697 697 697 697 697 697 697 697 697 697 697 697 697 697 697 697 697 697 697 697 697 697 697 697 697 697 697 697 697 697 697 697 697 697 697 697 697 697 697 697 697 697 697 697 697 697 697 697 697 697 697 697 697 697 697 697 697 697 697 697 697 697 697 697 697 697 697 697 697 697 697 697 697 697 697 697 697 697 697 697 697 697 697 697 697 697 697 697 697 697 697 697 697 697 697 697 697 697 697 697 697 697 697 697 697 697 697 697 697 697 697 697 697 697 697 697 697 697 697 697 697 697 697 697 697 697 697 697 697 697 697 697 697 697 697 697 697 697 697 697 697 697 697 697 697 697 697 697 697 697 697 697 697 697 697 697 697 697 697 697 697 697 697 697 697 697 697 697 697 697 697 697 697 697 697 697 697 697 697 697 697 697 697 697 697 697 697 697 697 697 697 697 697 697 697 697 697 697 697 697 697 697 697 697 697 697 697 697 697 697 697 697 697 697 697 697 697 697 697 697 697 697 697 697 697 697 697 697 697 697 697 697 697 697 697 697 697 697 697 697 697 697 697 697 697 697 697 697 697 697 697 697 697 697 697 697 697 697 697 697 697 697 697 697 697 697 697 697 697 697 697 697 697 697 697 697 697 697 697 697 697 697 697 697 697 697 697 697 697 697 697 697 697 697 697 697 697 697 697 697 697 697 697 697 697 697 697 697 697 697 697 697 697 697 697 697 697 697 697 697 697 697 697 697 697 697 697 697 697 697 697 697 697 697 697 697 697 697 697 697 697 697 697 697 697 697 697 697 697 697 697 697 697 697 697 697 697 697 697 697 697 697 697 697 697 697 697 697 697 697 697 697 697 697 697 697 697 697 697 697 697 697 697 697 697 697 697 697 697 697 697 697 697 697 697 697 697 697 697 697 697 697 697 697 697 697 697 697 697 697 697 697 697 697 697 697 697 697 697 697 697 697 697 697 697 697 697 697 697 697 697 697 697 697 697 697 697 697 697 697 697 697 697 697 697 697 697 697 697 697 697 697 697 697 697 697 697 697 697 697 697 697 697 697 697 697 697 697 697 697 697 697 697 697 697 697 697 697 697 697 697 697 697 697 697 697 697 697 697 697 697 697 697 697 697 697 697 697 697 697 697 697 697 697 697 697 697 697 697 697 697 697 697 697 697 697 697 697 697 697 697 697 697 697 697 697 697 697 697 697 697 697 697 697 697 697 697 697 697 697 697 697 697 697 697 697 697 697 697 697 697 697 697 697 697 697 697 697 697 697 697 697 697 697 697 697 697 697 697 697 697 697 697 697 697 697 697 697 697 697 697 697 697 697 697 697 697 697 697 697 697 697 697 697 697 697 697 697 697 697 697 697 697 697 697 697 697 697 697 697 697 697 697 697 697 697 697 697 697 697 697 697 697 697 
2095 697 2094 2096 2101 2102 2138 2142 2143 2146 2150 2151 2153 2154 2158 2159 2160 2161 2164 2175 2176 2209 2268 2271 2387 2394 2395 2410 2414 2415 2417 2418 2419 2431 2435 2436 2437 2454 2458 2459 2460 2461 2468 2472 2477 2493 2496 2513 2517 2518 2523 2527 2528 2536 2537 2538 2550 2551 2554 2558 2562 2563 2572 2573 2586 2587 2588 2589 2590 2591 2596 2611 2615 2616 2634 2635 2636 2644 2648 2652 2658 2659 2667 2668 2669 2681 2693 2694 2583 2695 2696 2697 2702 2703 2704 2707 2708 2709 2719 2720 2721 2722 2723 2724 2729 2730 2731 2732 2735 2736 2737 2770 2771 2772 2775 2776 2777 2778 2779 2780 2781 2782 2783 2785 2791 2792 2793 2810 2812 2813 2817 2818 2819 2821 2822 2824 2827 2828 2829 2834 2835 2836 2838 2845 2846 2847 2849 2850 2851 2867 2868 2869 2870 2871 2872 2888 2913 2918 2919 2920 2921 2922 2944 2945 2956 2957 2958 3048 3049 3050 3054 3058 3059 3060 3061 3062 3063 3064 3065 3086 3087 3091 3092 3093 3094 3095 3096 3097 3098 3130 3131 3132 3133 3134 3135 3136 3139 3143 3144 3155 3156 3161 3163 3166 3167 3168 3170 3171 3173 3175 3176 3177 3178 3179 3180 3181 3182 3194 3195 3196 3198 3204 3205 3206 3209 3210 3219 3220 3221 3229 3230 3231 3232 3233 3234 3238 3239 3240 3248 3249 3250 3251 3253 3279 3293 3294 3295 3299 3302 3379 3380 3381 3386 3387 3630 3634 3635 3640 3786 4158 4159 4160 4165 4166 4167 4179 4180 4181 4182 4186 4207 4208 4209 4213 4214 4215 4216 4222 4223 4224 4225 4226 4227 4230 4231 4232 4234 4235 4236 4237 4238 4239 4240 4241 4242 4243 4247 4248 4249 4250 4251 4253 2900 4260 4261 4262 4265 4266 4267 4268 4269 4280 4281 4283 4286 4288 4290 4291 4292 4293 4294 4295 4296 4297 4298 4306 4313 4314 4315 4316 4317 4318 4319 4331 4332 4347 4348 4349 4370 4371 4372 4376 4377 4378 4379 4380 4381 4382 4383 4384 4387 4388 4389 4391 4392 4393 4394 4395 4396 4397 4398 4399 4421 4422 4423 4426 4427 4428 4438 4439 4440 4441 4442 4443 4444 4446 4449 4451 4452 4503 4504 4509 4510 4511 4512 4513 4514 4515 4516 4517 4518 4525 4526 4527 4528 4529 4530 4532 4533 4534 4537 4538 4539 4546 4547 4548 4549 4550 4555 2099 4556 4567 4568 4569 4571 4578 4579 4583 4585 4703 4704 4705 4707 4708 4709 4714 4717 4718 4719 4720 4721 4722 4723 4724 4794 4795 4796 4797 4798 4799 4803 4804 4805 4831 4832 4833 4861 4865 4888 4892 4893 4894 4975 3075 4976 4977 4978 4980 4981 4988 4989 4990 4991 4992 5020 5022 5023 5071 5072 5073 5078 5079 5113 5114 5115 5141 5142 4057 5146 5147 5151 5152 5179 5180 5181 5236 5237 5238 5261 5262 5279 5280 5281 5282 5283 5284 5285 5286 5287 5288 5289 5290 5292 5293 5294 5298 5299 5300 5313 5315 5316 5317 5318 5319 5358 5362 5363 5364 5365 5366 5377 5394 5395 5396 5398 5399 5400 5438 5439 5440 5443 5444 5450 5451 5452 5481 5482 5483 5487 5488 5504 5505 5506 5512 5513 5514 3103 5515 5516 5517 5519 5520 5521 5522 5523 5524 5530 5531 5534 5535 5536 5539 5540 5546 5547 5548 5549 5550 5555 5556 5558 5562 5563 5564 5565 5566 5567 5568 5569 5574 5575 5584 5585 5586 5620 5638 5639 5640 5642 5643 5644 5652 5653 5654 6195 6307 6308 6309 6472 6474 6475 6477 6478 6523 6524 6525 6553 6554 6555 6568 6569 6570 6758 6759 6760 6766 6767 6768 6823 6824 6825 6894 6895 6896 6897 6898 6899 6901 6927 6928 6929 6942 6943 6944 6949 6950 6951 6954 6955 7011 7012 7013 7154 7155 7156 7325 7326 7327 7329 7330 7331 7362 7364 7365 7366 7417 7418 7420 7421 7422 7423 7424 7426 7427 6547 7428 7429 7430 7431 
2096 697 
2097 2096 2101 2102 2138 2142 2143 2146 2150 2151 2153 2154 2158 2159 2160 2161 2164 2175 2176 2209 2268 2271 2387 2394 2395 2410 2414 2415 2417 2418 2419 2431 2435 2436 2437 2454 2458 2459 2460 2461 2468 2472 2477 2493 2496 2513 2517 2518 2523 2527 2528 2536 2537 2538 2550 2551 2554 2558 2562 2563 2572 2573 2586 2587 2588 2589 2590 2591 2596 2611 2615 2616 2634 2635 2636 2644 2648 2652 2658 2659 2667 2668 2669 2681 2693 2694 2583 2695 2696 2697 2702 2703 2704 2707 2708 2709 2719 2720 2721 2722 2723 2724 2729 2730 2731 2732 2735 2736 2737 2770 2771 2772 2775 2776 2777 2778 2779 2780 2781 2782 2783 2785 2791 2792 2793 2810 2812 2813 2817 2818 2819 2821 2822 2824 2827 2828 2829 2834 2835 2836 2838 2845 2846 2847 2849 2850 2851 2867 2868 2869 2870 2871 2872 2888 2913 2918 2919 2920 2921 2922 2944 2945 2956 2957 2958 3048 3049 3050 3054 3058 3059 3060 3061 3062 3063 3064 3065 3086 3087 3091 3092 3093 3094 3095 3096 3097 3098 3130 3131 3132 3133 3134 3135 3136 3139 3143 3144 3155 3156 3161 3163 3166 3167 3168 3170 3171 3173 3175 3176 3177 3178 3179 3180 3181 3182 3194 3195 3196 3198 3204 3205 3206 3209 3210 3219 3220 3221 3229 3230 3231 3232 3233 3234 3238 3239 3240 3248 3249 3250 3251 3253 3279 3293 3294 3295 3299 3302 3379 3380 3381 3386 3387 3630 3634 3635 3640 3786 4158 4159 4160 4165 4166 4167 4179 4180 4181 4182 4186 4207 4208 4209 4213 4214 4215 4216 4222 4223 4224 4225 4226 4227 4230 4231 4232 4234 4235 4236 4237 4238 4239 4240 4241 4242 4243 4247 4248 4249 4250 4251 4253 2900 4260 4261 4262 4265 4266 4267 4268 4269 4280 4281 4283 4286 4288 4290 4291 4292 4293 4294 4295 4296 4297 4298 4306 4313 4314 4315 4316 4317 4318 4319 4331 4332 4347 4348 4349 4370 4371 4372 4376 4377 4378 4379 4380 4381 4382 4383 4384 4387 4388 4389 4391 4392 4393 4394 4395 4396 4397 4398 4399 4421 4422 4423 4426 4427 4428 4438 4439 4440 4441 4442 4443 4444 4446 4449 4451 4452 4503 4504 4509 4510 4511 4512 4513 4514 4515 4516 4517 4518 4525 4526 4527 4528 4529 4530 4532 4533 4534 4537 4538 4539 4546 4547 4548 4549 4550 4555 2099 4556 4567 4568 4569 4571 4578 4579 4583 4585 4703 4704 4705 4707 4708 4709 4714 4717 4718 4719 4720 4721 4722 4723 4724 4794 4795 4796 4797 4798 4799 4803 4804 4805 4831 4832 4833 4861 4865 4888 4892 4893 4894 4975 3075 4976 4977 4978 4980 4981 4988 4989 4990 4991 4992 5020 5022 5023 5071 5072 5073 5078 5079 5113 5114 5115 5141 5142 4057 5146 5147 5151 5152 5179 5180 5181 5236 5237 5238 5261 5262 5279 5280 5281 5282 5283 5284 5285 5286 5287 5288 5289 5290 5292 5293 5294 5298 5299 5300 5313 5315 5316 5317 5318 5319 5358 5362 5363 5364 5365 5366 5377 5394 5395 5396 5398 5399 5400 5438 5439 5440 5443 5444 5450 5451 5452 5481 5482 5483 5487 5488 5504 5505 5506 5512 5513 5514 3103 5515 5516 5517 5519 5520 5521 5522 5523 5524 5530 5531 5534 5535 5536 5539 5540 5546 5547 5548 5549 5550 5555 5556 5558 5562 5563 5564 5565 5566 5567 5568 5569 5574 5575 5584 5585 5586 5620 5638 5639 5640 5642 5643 5644 5652 5653 5654 6195 6307 6308 6309 6472 6474 6475 6477 6478 6523 6524 6525 6553 6554 6555 6568 6569 6570 6758 6759 6760 6766 6767 6768 6823 6824 6825 6894 6895 6896 6897 6898 6899 6901 6927 6928 6929 6942 6943 6944 6949 6950 6951 6954 6955 7011 7012 7013 7154 7155 7156 7325 7326 7327 7329 7330 7331 7362 7364 7365 7366 7417 7418 7420 7421 7422 7423 7424 7426 7427 6547 7428 7429 7430 7431 
2098 1901 1901 
2099 1901 697 
2100 2099 7419 
2101 697 
2102 697 
2105 337 769 360 365 1432 1782 362 363 1783 366 379 425 426 394 1785 2108 859 462 640 369 370 371 385 316 442 
2106 344 769 360 365 1432 1782 946 947 948 362 363 366 425 426 379 394 1785 432 2110 306 
2109 1 769 
2111 1901 
2113 1901 2155 2156 2479 2480 2481 2482 2483 
2114 2113 
2115 2116 
2117 2116 
2118 2119 
2119 1901 2139 2140 
2120 2121 
2122 2123 3450 3451 3453 
2123 1901 2147 2148 
2124 2125 3452 
2128 1901 
2137 1901 
2138 697 
2139 1901 
2140 1901 
2141 2140 
2142 697 
2143 697 
2146 697 
2147 1901 
2148 1901 
2149 2148 
2150 697 
2151 697 
2153 697 
2154 697 
2155 1901 1901 1901 1901 1901 1901 
2156 1901 
2157 2156 2479 2480 2481 2482 2483 
2158 697 
2159 697 
2160 697 
2161 697 
2163 1901 
2164 697 
2165 1901 1901 
2166 2167 
2167 1901 2172 2173 
2168 2167 
2169 1901 2264 2265 2497 2498 2499 2500 2501 
2170 2171 2495 2494 
2171 1901 4343 4344 4145 3632 4365 4067 
2172 1901 
2173 1901 
2174 2173 
2175 697 
2176 697 
2177 1901 
2178 1901 
2179 1901 
2180 1901 
2181 1901 
2182 1901 
2183 1901 
2184 1901 
2185 1901 
2186 1901 
2187 1901 
2188 1901 
2189 1901 
2190 1901 
2191 1901 
2192 1901 
2193 1901 
2194 1901 
2195 1901 
2196 1901 
2197 1901 
2198 1901 
2199 1901 
2200 1901 
2201 1901 
2202 1901 
2203 1901 
2204 1901 
2205 1901 
2206 1901 
2207 1901 
2208 1901 
2209 697 
2210 1901 
2211 1901 
2213 1901 1901 
2240 1901 
2242 1901 
2244 1901 
2246 1901 
2248 1901 
2250 1901 
2252 1901 
2254 1901 
2256 1901 
2258 1901 
2264 1901 1901 1901 1901 1901 1901 
2265 1901 
2266 2265 2497 2498 2499 2500 2501 
2268 697 5658 
2271 697 
2294 1901 1901 
2295 1901 1901 
2296 1901 1901 
2297 1901 1901 
2298 1901 1901 
2299 1901 1901 
2300 1901 1901 
2301 1901 1901 
2302 1901 1901 
2303 1901 1901 
2304 1901 1901 
2305 1901 1901 
2317 1901 1901 
2318 1901 
2319 1901 
2320 1901 
2321 1901 
2322 1901 
2323 1901 
2324 1901 
2325 1901 
2326 1901 
2327 1901 
2328 1901 
2329 1901 
2330 1901 
2331 1901 
2332 1901 
2333 1901 
2334 1901 
2335 1901 
2336 1901 
2337 1901 
2338 1901 
2339 1901 
2340 1901 
2341 1901 
2342 1901 
2343 1901 
2344 1901 
2345 1901 
2346 1901 
2347 1901 
2348 1901 
2349 1901 
2350 1901 
2351 1901 
2352 1901 
2353 1901 
2354 1901 
2355 1901 
2356 1901 
2357 1901 
2358 1901 
2359 1901 
2360 1901 
2361 1901 
2362 1901 
2363 1901 
2364 1901 
2365 1901 
2366 1901 
2367 1901 
2368 1901 
2369 1901 
2370 1901 
2371 1901 
2372 1901 
2373 1901 
2374 1901 
2375 1901 
2376 1901 
2377 1901 
2378 1901 
2379 1901 
2380 1901 
2381 1901 
2382 1901 
2383 1901 
2384 1901 
2385 1901 
2386 1901 1901 
2387 697 
2388 2389 
2389 1901 2391 2392 
2390 2389 
2391 1901 
2392 1901 
2393 2392 
2394 697 
2395 697 
2396 1901 
2397 1901 
2398 1901 
2399 1901 
2400 1901 1901 
2401 1901 1901 
2403 1901 1901 
2404 2405 
2405 1901 2411 2412 4474 4475 4476 4483 4484 
2406 2405 
2407 1901 2420 2421 
2408 2409 2407 
2409 1901 2565 2566 2604 2606 4311 4473 4221 3553 5150 5174 5175 
2410 697 
2411 1901 1901 1901 1901 1901 1901 
2412 1901 
2413 2412 4474 4475 4476 4483 4484 
2414 697 
2415 697 
2417 697 
2418 697 
2419 697 
2420 1901 
2421 1901 
2422 2421 
2423 1901 
2424 300 
2425 2426 
2427 2428 
2428 1901 2432 2433 
2429 2430 
2431 697 
2432 1901 
2433 1901 
2434 2433 
2435 697 
2436 697 
2437 697 
2438 1901 
2440 2439 764 360 365 592 593 2442 884 2443 2444 2445 2446 595 361 279 596 2449 696 698 379 396 268 
2441 1 
2447 2439 
2450 2451 3487 
2451 1901 2455 2456 
2452 2453 
2454 697 
2455 1901 
2456 1901 
2457 2456 
2458 697 
2459 697 
2460 697 
2461 697 
2462 1901 
2463 2464 3489 
2464 1901 2469 2470 2473 2474 2475 2476 2478 
2465 2464 
2466 1901 
2467 1901 1901 
2468 697 
2469 1901 1901 1901 1901 1901 1901 
2470 1901 
2471 2470 2473 2474 2475 2476 2478 
2472 697 
2473 1901 
2474 1901 
2475 1901 
2476 1901 
2477 697 
2478 1901 
2479 1901 
2480 1901 
2481 1901 
2482 1901 
2483 1901 
2484 1901 
2485 1901 
2486 1901 
2487 1901 
2488 1901 
2490 2439 764 360 365 592 593 2442 884 2443 2444 2445 2446 595 361 279 596 2449 696 698 379 396 268 
2493 697 
2496 697 
2497 1901 
2498 1901 
2499 1901 
2500 1901 
2501 1901 
2502 1901 
2503 1901 
2504 1901 
2505 1901 
2506 1901 
2507 1901 2514 2515 4477 7425 
2508 1901 2524 2525 2534 3109 
2509 290 1901 294 1907 365 1605 464 1908 1909 1910 1911 1912 1913 1914 1915 1916 1917 1918 1919 1921 1922 1923 1925 1926 1927 1928 1930 1931 1933 1936 884 1851 361 1939 1942 883 696 698 364 396 1461 386 379 1995 279 293 1996 362 363 640 425 426 394 366 288 1998 1999 551 607 708 401 369 370 371 385 352 940 316 317 318 319 676 1981 1982 560 1983 1984 553 608 2040 2042 387 1487 2043 2044 1183 2045 2028 2032 384 2052 1262 623 411 668 408 2057 2546 2552 400 2083 1337 1389 2086 1020 2632 2011 2021 2877 2879 1247 630 1489 681 2881 2884 2886 538 1333 686 891 2887 2162 5327 4052 1025 
2510 2511 
2511 2510 
2513 697 
2514 1901 1901 1901 
2515 1901 
2516 2515 
2517 697 
2518 697 
2519 1901 1901 
2520 1901 
2521 1901 1901 
2523 697 5658 
2524 1901 1901 1901 
2525 1901 
2526 2525 
2527 697 
2528 697 
2529 1901 2555 2556 3137 3138 3153 280 3203 
2530 1901 2559 2560 2564 
2531 2530 3218 3448 
2532 1901 2575 2576 2583 3162 4264 
2534 1901 
2535 2534 3109 
2536 697 
2537 697 
2538 697 
2539 1901 
2543 1901 1901 
2544 1901 
2545 1901 
2547 1901 
2548 1901 1901 
2549 1901 
2550 697 
2551 697 
2553 1901 
2554 697 
2555 1901 1901 1901 1901 
2556 1901 
2557 2556 3137 3138 3153 
2558 697 
2559 1901 1901 
2560 1901 
2561 2560 2564 
2562 697 
2563 697 
2564 1901 
2565 1901 1901 1901 1901 1901 1901 1901 1901 1901 1901 
2566 1901 
2567 2566 4221 
2568 1901 
2569 1901 
2570 1901 1901 
2571 1901 
2572 697 5658 
2573 697 
2574 1901 
2575 1901 1901 1901 1901 
2576 1901 
2577 2576 2583 3162 4264 
2578 1901 2598 2599 2666 280 4205 4206 621 
2579 2578 3202 
2580 1901 2601 2602 2607 2787 3172 3252 
2581 2580 3289 2578 3486 
2582 1901 
2583 1901 697 
2584 1901 
2585 1901 
2586 697 
2587 697 
2588 697 
2589 697 
2590 697 
2591 697 
2592 1901 
2593 1901 
2594 1901 
2595 1901 
2596 697 
2597 1901 
2598 1901 1901 621 
2599 1901 
2600 2599 2666 4206 
2601 1901 1901 1901 1901 1901 
2602 1901 
2603 2602 2607 2787 3172 3252 
2604 1901 
2605 2604 2606 4311 4473 3553 5150 5174 5175 
2606 1901 
2607 1901 
2608 1901 
2609 1901 
2610 1901 
2611 697 
2612 1901 2617 2618 2900 3187 
2613 2614 2612 3459 
2614 1901 2684 2685 2706 
2615 697 
2616 697 
2617 1901 1901 1901 
2618 1901 
2619 2618 2900 3187 
2620 1901 1901 
2621 1901 
2622 1901 
2623 1901 1901 
2624 1901 
2625 1901 
2626 1901 2638 2639 
2627 2628 2790 3449 
2629 1901 2649 2650 2655 280 2733 
2630 2631 
2631 1901 4183 4184 
2633 1901 
2634 697 
2635 697 
2636 697 
2637 1901 
2638 1901 
2639 1901 
2640 2639 
2641 1901 
2644 697 
2645 1901 1901 
2646 1901 
2647 1901 
2648 697 
2649 1901 1901 
2650 1901 
2651 2650 2655 
2652 697 
2653 1901 1901 
2655 1901 2651 280 
2658 697 
2659 697 
2660 1901 
2661 1901 1901 
2662 1901 2670 2671 2673 
2663 1901 
2664 1901 
2665 1901 
2666 1901 
2667 697 
2668 697 
2669 697 
2670 1901 1901 
2671 1901 
2672 2671 2673 
2673 1901 
2674 1901 1901 
2675 1901 
2676 1901 
2677 1901 
2678 1901 
2679 1901 
2680 1901 
2681 697 
2682 1901 
2683 1901 
2684 1901 1901 
2685 1901 
2686 2685 2706 
2687 1901 
2688 1901 
2689 1901 
2690 1901 
2691 1901 
2692 1901 
2693 697 
2694 697 
2695 697 
2696 697 
2697 697 
2698 1901 
2699 2614 3460 
2700 1901 
2701 1901 
2702 697 
2703 697 
2704 697 
2705 1901 
2706 1901 
2707 697 
2708 697 
2709 697 
2710 1901 
2711 1901 
2712 1901 
2713 1901 
2714 1901 
2715 1901 
2716 1901 
2717 1901 
2718 1901 
2719 697 
2720 697 
2721 697 
2722 697 
2723 697 
2724 697 
2725 1901 
2726 1901 2740 2741 2743 2745 2746 2747 2748 280 3575 3576 621 
2727 1901 
2728 1901 
2729 697 
2730 697 
2731 697 
2732 697 
2733 280 
2734 1901 
2735 697 
2736 697 
2737 697 
2738 1901 
2739 1901 
2740 1901 1901 1901 1901 1901 1901 621 
2741 1901 
2742 2741 2743 2745 2746 2747 2748 3576 
2743 1901 
2744 1901 
2745 1901 
2746 1901 
2747 1901 
2748 1901 
2749 1901 
2750 1901 
2751 1901 
2752 1901 
2753 1901 
2754 1901 
2755 1901 
2756 1901 
2757 1901 
2758 1901 
2759 1901 
2760 1901 
2761 1901 
2762 1901 
2763 1901 
2764 1901 
2765 1901 
2766 1901 
2767 1901 
2768 1901 
2769 1901 
2770 697 
2771 697 
2772 697 
2773 1901 
2774 1901 1901 
2775 697 
2776 697 
2777 697 
2778 697 
2779 697 
2780 697 
2781 697 
2782 697 
2783 697 
2784 1901 
2785 697 
2786 1901 
2787 1901 
2788 1901 1901 
2791 697 
2792 697 
2793 697 
2794 1901 
2795 1901 
2796 1901 
2797 1901 
2798 1901 
2799 1901 
2800 1901 
2801 1901 
2802 1901 
2803 1901 
2804 1901 
2807 1901 
2808 1901 
2809 1901 
2810 697 
2811 1901 
2812 697 
2813 697 
2814 1901 
2815 1901 
2816 1901 
2817 697 
2818 697 
2819 697 
2820 1901 
2821 697 
2822 697 
2823 1901 
2824 697 
2825 1901 
2826 1901 1901 
2827 697 
2828 697 
2829 697 
2830 1901 
2831 1901 
2832 1901 
2833 1901 
2834 697 
2835 697 
2836 697 
2837 1901 
2838 697 
2839 1901 2852 2853 
2840 2841 2507 3202 
2842 1901 
2843 1901 
2844 1901 1901 
2845 697 
2846 697 
2847 697 
2848 1901 
2849 697 
2850 697 
2851 697 
2852 1901 
2853 1901 
2854 2853 
2855 1901 
2856 1901 
2857 1901 
2858 1901 
2859 1901 
2860 1901 
2861 1901 
2862 1901 2889 2890 2892 
2863 2862 3467 
2864 1901 2893 2894 2896 2897 2898 2909 2911 
2865 2864 
2866 1901 
2867 697 
2868 697 
2869 697 
2870 697 
2871 697 
2872 697 
2873 1901 
2874 1901 
2875 1901 1901 
2876 1901 1901 
2878 1901 1901 
2880 1901 
2882 1901 
2883 1901 
2885 1901 
2888 697 
2889 1901 1901 
2890 1901 
2891 2890 2892 
2892 1901 
2893 1901 1901 1901 1901 1901 1901 
2894 1901 
2895 2894 2896 2897 2898 2909 2911 
2896 1901 
2897 1901 
2898 1901 
2899 1901 1901 
2900 1901 697 
2901 1901 2928 2929 2938 280 2949 
2902 2903 
2904 1901 2931 2932 2937 
2905 2906 
2907 1901 
2908 1901 
2909 1901 
2910 1901 
2911 1901 
2912 1901 
2913 697 
2914 1901 
2915 1901 
2916 1901 
2917 1901 
2918 697 
2919 697 
2920 697 
2921 697 
2922 697 
2923 1901 
2925 1901 
2926 1901 
2927 1901 
2928 1901 1901 
2929 1901 
2930 2929 2938 
2931 1901 1901 
2932 1901 
2933 2932 2937 
2934 1901 
2935 1901 1901 
2936 1901 1901 
2937 1901 
2938 1901 2930 280 
2939 1901 
2940 1901 
2941 1901 
2942 1901 
2943 1901 
2944 697 
2945 697 
2946 1901 
2947 1901 
2948 1901 
2949 280 
2950 1901 
2952 2951 
2953 1901 
2954 1901 
2955 1901 
2956 697 
2957 697 
2958 697 
2959 1901 
2960 1901 
2961 1901 
2962 1901 
2963 1901 
2964 1901 
2965 1901 
2966 1901 
2967 1901 
2968 1901 
2969 1901 
2970 1901 
2971 1901 
2972 1901 
2973 1901 
2974 1901 
2975 1901 
2976 1901 
2977 1901 
2978 1901 
2979 1901 
2980 1901 
2981 1901 
2982 1901 
2983 1901 
2984 1901 
2985 1901 
2986 1901 
2987 1901 
2988 1901 
2989 1901 
2990 1901 
2991 1901 
2992 1901 
2993 1901 
2994 1901 
2995 1901 
2996 1901 3067 3068 3073 3075 
2997 1901 3070 3071 
2998 2996 
2999 3000 
3001 1901 
3002 1901 
3003 1901 
3004 1901 
3005 1901 
3006 1901 
3007 1901 
3008 1901 
3009 1901 
3010 1901 
3011 1901 
3012 1901 
3013 1901 
3014 1901 
3015 1901 
3016 1901 
3017 1901 
3018 1901 
3019 1901 
3020 1901 
3021 1901 
3022 1901 
3023 1901 
3024 1901 
3025 1901 
3026 1901 
3027 1901 
3028 1901 
3029 644 621 596 647 648 652 653 384 365 654 
3030 1901 
3031 1901 
3032 1901 
3033 1901 
3034 1901 
3035 1901 
3036 1901 
3037 1901 
3038 1901 
3039 1901 
3040 1901 
3041 1901 
3042 644 621 360 384 365 385 361 672 362 363 394 640 425 426 379 2052 366 3051 630 3052 2881 3053 1247 
3043 1901 
3044 1901 
3045 1901 
3046 1901 
3047 1901 
3048 697 
3049 697 
3050 697 
3054 697 
3055 1901 1901 
3056 1901 
3057 1901 1901 
3058 697 
3059 697 
3060 697 
3061 697 5658 
3062 697 
3063 697 
3064 697 
3065 697 
3067 1901 1901 1901 
3068 1901 
3069 3068 3073 3075 
3070 1901 
3071 1901 
3072 3071 
3073 1901 
3074 1901 
3075 1901 697 
3076 1901 
3077 1901 
3078 1901 
3079 1901 
3080 1901 3088 3089 3101 3102 3103 3104 3105 3106 
3081 2612 3080 
3084 1901 
3085 1901 1901 
3086 697 
3087 697 
3088 1901 1901 1901 1901 1901 1901 1901 
3089 1901 
3090 3089 3101 3102 3103 3104 3105 3106 
3091 697 
3092 697 
3093 697 
3094 697 
3095 697 
3096 697 
3097 697 
3098 697 
3099 1901 
3100 1901 
3101 1901 
3102 1901 
3103 1901 697 
3104 1901 
3105 1901 
3106 1901 
3107 1901 
3108 1901 
3109 1901 
3110 1901 
3111 1901 
3112 1901 
3113 1901 
3114 1901 
3115 1901 
3116 1901 
3117 1901 
3118 1901 
3119 1901 
3120 1901 
3121 1901 
3122 1901 
3123 1901 
3124 1901 
3125 1901 
3126 1901 
3127 1901 
3128 1901 3140 3141 3154 
3129 3128 
3130 697 5658 
3131 697 
3132 697 
3133 697 
3134 697 
3135 697 
3136 697 
3137 1901 2557 280 
3138 1901 2557 280 
3139 697 
3140 1901 1901 
3141 1901 
3142 3141 3154 
3143 697 
3144 697 
3145 1901 
3146 1901 
3147 1901 
3148 1901 
3149 1901 
3150 1901 
3151 1901 
3152 1901 
3153 1901 
3154 1901 
3155 697 
3156 697 
3157 1901 
3158 1901 
3159 1901 
3160 1901 
3161 697 
3162 1901 
3163 697 
3164 1901 
3165 1901 
3166 697 
3167 697 
3168 697 
3169 1901 
3170 697 
3171 697 
3172 1901 
3173 697 
3174 1901 
3175 697 
3176 697 
3177 697 
3178 697 
3179 697 
3180 697 
3181 697 
3182 697 
3183 1901 1901 
3184 1901 
3185 1901 
3186 1901 
3187 1901 
3188 1901 
3189 1901 1901 
3190 1901 
3191 1901 
3192 1901 
3193 1901 
3194 697 
3195 697 
3196 697 
3197 1901 
3198 697 
3199 1901 
3200 1901 1901 
3201 1901 
3202 1901 4308 4309 3628 5143 5144 5367 
3203 280 280 
3204 697 
3205 697 
3206 697 
3207 1901 
3208 1901 
3209 697 
3210 697 
3211 1901 
3212 1901 
3213 1901 
3214 1901 
3215 1901 
3216 1901 
3217 1901 
3219 697 
3220 697 
3221 697 5658 
3222 1901 
3223 1901 
3224 1901 
3225 1901 
3226 1901 
3227 1901 
3228 1901 
3229 697 
3230 697 
3231 697 
3232 697 
3233 697 
3234 697 
3235 1901 1901 
3236 1901 
3237 1901 
3238 697 
3239 697 
3240 697 
3241 1901 
3242 1901 
3243 1901 
3244 1901 
3245 1901 
3246 1901 
3247 1901 
3248 697 
3249 697 
3250 697 
3251 697 
3252 1901 
3253 697 
3254 1901 
3255 1901 
3256 1901 
3257 1901 
3258 1901 
3259 1901 
3260 1901 
3261 1901 
3262 1901 
3263 1901 
3264 1901 
3265 1901 
3266 1901 
3267 1901 
3268 1901 
3269 1901 
3270 1901 
3271 1901 
3272 1901 
3273 1901 
3274 1901 
3275 1901 
3276 1901 
3277 1901 
3278 1901 
3279 697 
3280 1901 
3281 1901 1901 
3282 1901 
3283 1901 
3284 1901 
3285 1901 
3286 1901 
3287 1901 
3288 1901 1901 
3289 1901 3296 3297 3300 3301 3303 3611 3605 4925 
3290 1901 
3291 1901 
3292 1901 
3293 697 
3294 697 
3295 697 
3296 1901 1901 1901 1901 1901 1901 1901 
3297 1901 
3298 3297 3300 3301 3303 3611 3605 4925 
3299 697 
3300 1901 
3301 1901 
3302 697 
3303 1901 
3304 1901 
3305 1901 
3306 1901 
3307 1901 
3308 1901 
3309 1901 
3310 1901 
3311 1901 
3312 1901 
3313 1901 
3314 1901 
3315 1901 
3374 527 
3376 3377 
3377 3376 
3378 527 
3379 697 
3380 697 
3381 697 
3383 1901 1901 
3384 1901 
3385 1901 
3386 697 
3387 697 
3388 280 
3389 280 3388 3391 
3391 3390 280 
3398 1753 1753 4157 
3399 1753 4157 
3400 1753 4157 
3401 1753 1753 4157 
3402 1753 4157 
3403 1753 4157 
3404 1753 4157 
3405 1753 4157 
3406 1753 4157 
3407 1753 1753 4157 
3409 1753 1753 4157 
3410 1753 1753 4157 
3411 1753 4157 
3413 300 
3415 300 
3418 300 
3419 300 
3420 300 
3424 769 
3425 769 769 
3426 769 769 
3427 769 769 
3428 769 
3429 769 
3430 769 
3431 3432 
3432 626 3645 3646 3648 621 
3434 764 
3435 769 
3436 769 
3437 769 
3438 769 
3439 769 
3440 769 
3444 1901 4210 4211 280 4219 3637 4221 4909 621 6900 7363 
3446 1901 4244 4176 
3447 1901 4254 4255 
3448 1901 4257 4258 5320 
3449 1901 4273 4274 
3451 1901 4284 3576 
3454 1901 4321 4322 
3456 3457 
3457 1901 4324 4325 
3458 3457 
3459 1901 4351 4352 4354 
3461 2405 2507 
3462 2507 2409 
3464 3465 
3465 1901 4580 4581 4788 4801 
3466 3465 
3467 1901 4767 4768 
3468 3202 
3469 3289 
3470 3202 
3471 2409 
3472 3473 3474 
3473 1901 5245 5246 5248 
3476 3477 
3477 1901 5295 5296 4206 5490 5598 5636 5658 6196 6204 6228 6230 6232 6234 6236 6238 6240 6303 6310 6313 6315 6317 6319 6321 6326 6336 6338 6462 6465 6467 6469 6471 6476 6481 6483 6485 6518 6520 6522 6527 6529 6531 6533 6535 6537 6539 6541 6543 6545 6547 2523 6550 6552 6557 6559 6561 6563 6565 6567 6572 6575 6577 6579 6581 6583 6585 6587 6589 6591 6593 6595 6597 6599 6601 2268 6604 3061 6607 6609 6611 6613 6615 6617 6622 6624 6626 6628 4518 6632 6634 6645 6647 6660 6665 6669 6671 6673 6675 6678 6680 6682 6684 6686 6688 6690 6702 6704 6706 6748 6762 6765 6770 6772 6774 6777 6779 6782 6785 6788 6828 6883 6885 6887 6889 6891 6893 6907 6910 6912 6914 6916 6920 6922 6924 6926 6931 6933 6935 6937 6939 6941 6953 6959 6961 6963 6965 6967 6969 6971 6973 6975 6977 6979 6981 6983 6985 6987 6991 6993 6995 6997 6999 7001 7003 7005 7007 4555 7010 7016 7018 7020 7022 7024 7026 3130 7029 7031 7033 7035 7037 7039 7041 7043 7045 7047 7049 7051 7053 7055 7057 7059 7061 7063 5181 7066 7070 7072 7074 7076 7078 7080 7082 7084 7086 7088 5282 7091 7093 5317 7096 7098 7100 3221 7103 7105 7107 7109 7111 7113 7115 7117 7119 7121 7123 7125 7127 7129 2572 7132 7134 7136 7138 7140 7142 7144 7147 7149 7151 7153 7158 7161 7163 7165 7167 7169 7171 7174 7177 5151 4268 7181 7183 4978 7186 7188 7190 7192 7194 7196 7198 7200 7202 7204 7206 7208 7267 7272 7302 7306 
3478 3448 
3479 3480 
3480 1901 5359 5360 
3481 3202 
3484 3485 
3485 5490 5621 5622 
3490 3491 3492 
3493 527 
3496 3495 3567 
3497 527 
3498 527 3497 3499 
3499 527 
3500 3499 
3508 300 
3522 1 
3527 347 764 360 392 361 279 596 597 365 293 3526 379 3540 581 
3530 457 1455 1690 681 360 1626 5590 5592 5594 5593 5596 
3531 349 476 360 1977 379 347 3537 
3546 457 300 
3548 457 300 360 361 362 363 365 366 3580 
3550 280 621 
3551 280 3550 3553 621 3624 
3552 3553 
3553 3552 280 621 1901 
3554 3503 300 360 365 1763 361 3583 379 3596 
3555 527 
3559 3558 
3560 527 
3563 3562 
3564 260 
3565 527 
3568 3539 579 360 581 657 3601 401 1709 3615 361 3617 923 364 386 
3569 1255 300 360 365 364 369 370 3615 400 401 3642 681 3643 1286 3672 3673 1763 686 396 361 1256 371 362 363 716 717 718 407 408 409 410 561 366 4059 4071 405 
3570 3540 3527 360 365 560 696 698 708 707 361 3579 379 
3572 1301 
3574 1 764 
3575 280 621 
3576 2742 280 621 1901 
3577 300 
3578 1301 300 360 365 3644 1337 1389 623 538 361 1449 3662 581 3999 4000 4002 4003 
3581 3536 782 360 365 3633 
3582 349 476 360 1977 379 3536 355 
3585 457 300 360 361 362 363 365 364 386 366 1504 1624 464 377 378 3613 3619 379 3622 3623 2086 425 426 394 3639 592 593 279 596 3649 385 3651 3653 3654 1605 584 1902 3657 3658 3659 3408 3669 583 3680 3505 3681 3684 3685 3686 3687 3688 3689 3690 3691 3693 3694 3695 3696 3699 3700 3701 3702 3703 3704 3705 3706 3707 3708 3709 3710 3711 3712 3713 3714 3715 3716 3717 3718 3719 3720 3721 3722 3723 3724 3725 3726 3727 3728 3729 3730 3731 3732 3733 3734 3735 3736 3737 3738 3739 3740 3741 3742 3743 3744 3745 3746 3747 3748 3749 3750 3751 3752 3753 3754 3755 3756 3757 3758 3759 3760 3761 3762 3763 3764 3765 3766 3767 3768 3769 3770 3771 3772 3773 3774 3775 3776 3777 3778 3779 3780 3781 3782 3783 3784 3785 3787 3788 3789 3790 3791 3792 3793 3794 3795 3796 3797 3798 3799 3800 3801 3802 3803 3804 3805 3806 3807 3808 3809 3810 3811 3812 3813 3814 3815 3816 3817 3818 3819 3820 3821 3822 3823 3824 3825 3826 3827 3828 3829 3830 3831 3832 3833 3834 3835 3836 3837 3838 3839 3840 3841 3842 3843 3844 3845 3846 3847 3848 3849 3850 3851 3852 3853 3854 3855 3856 3857 3858 3859 3860 3861 3862 3863 3864 3865 3866 3867 3868 3869 3870 3871 3872 3873 3874 3875 3876 3877 3878 3879 3880 3881 3882 3883 3884 3885 3886 3887 3888 3889 3890 3891 3892 3893 3894 3895 3896 3897 3898 3899 3900 3901 3902 3903 3904 3905 3906 3907 3908 3909 3910 3911 3912 3913 3914 3915 3916 3917 3918 3919 3920 3921 3922 3923 3924 3925 3926 3927 3928 3929 3930 3931 3932 3933 3934 3935 3936 3937 3938 3939 3940 3941 3942 3943 3944 3945 3946 3947 3948 3949 3950 3951 3952 3953 3954 3955 3956 3957 3958 3959 3960 3961 3962 3963 3964 3965 3966 3967 3968 3969 3970 3971 3972 3973 3974 3405 3406 3975 3976 3977 3979 396 3980 1403 581 
3586 300 
3588 457 300 360 361 362 363 365 366 1304 623 3595 1906 1004 1005 464 581 3599 3600 3607 3614 3616 3621 379 1504 1624 386 377 378 3613 3619 3622 3623 2086 425 426 394 3639 592 593 279 596 3649 385 3650 288 538 3652 3655 682 401 387 3661 3666 3667 3671 3676 
3589 527 
3592 3591 
3594 697 
3599 3588 
3602 280 621 
3603 280 3602 3605 621 3606 
3604 3605 
3605 3604 280 621 1901 
3606 621 
3608 280 621 
3609 280 3608 3611 621 3612 
3610 3611 
3611 3610 280 621 1901 
3612 621 
3621 3588 
3624 621 
3625 280 280 621 
3626 280 3625 3628 621 3629 4067 
3627 3628 4067 
3628 3627 280 621 1901 
3629 621 621 
3630 697 
3632 697 1901 
3634 697 
3635 697 
3636 1901 621 
3637 1901 4212 280 621 
3638 3637 4184 
3640 697 
3645 626 621 
3646 626 3647 621 
3647 3646 
3648 626 621 
3657 3585 3981 
3658 3585 3981 
3659 3585 3981 
3661 3588 
3663 3662 3578 360 715 361 3692 464 379 365 362 363 366 682 401 
3664 1 300 
3665 349 476 360 1977 379 3662 355 
3666 3588 
3667 3588 3588 
3669 3585 3981 
3670 3585 3981 
3671 3588 3588 
3676 3588 
3678 697 
3679 3675 579 360 365 361 362 363 366 425 426 379 394 1672 369 370 371 3618 364 386 1084 385 396 3682 3683 469 397 472 
3698 697 
3786 697 
3981 1403 769 360 365 464 884 538 1624 386 3984 1386 1625 3985 1548 377 378 1369 361 1405 379 2018 308 362 363 364 3990 3613 385 3651 3653 3654 1605 584 1902 3657 3658 3659 3408 3669 583 3680 3505 3681 3684 3685 3686 3687 3688 3689 3690 3691 3693 3694 3695 3696 3699 3700 3701 3702 3703 3704 3705 3706 3707 3708 3709 3710 3711 3712 3713 3714 3715 3716 3717 3718 3719 3720 3721 3722 3723 3724 3725 3726 3727 3728 3729 3730 3731 3732 3733 3734 3735 3736 3737 3738 3739 3740 3741 3742 3743 3744 3745 3746 3747 3748 3749 3750 3751 3752 3753 3754 3755 3756 3757 3758 3759 3760 3761 3762 3763 3764 3765 3766 3767 3768 3769 3770 3771 3772 3773 3774 3775 3776 3777 3778 3779 3780 3781 3782 3783 3784 3785 3787 3788 3789 3790 3791 3792 3793 3794 3795 3796 3797 3798 3799 3800 3801 3802 3803 3804 3805 3806 3807 3808 3809 3810 3811 3812 3813 3814 3815 3816 3817 3818 3819 3820 3821 3822 3823 3824 3825 3826 3827 3828 3829 3830 3831 3832 3833 3834 3835 3836 3837 3838 3839 3840 3841 3842 3843 3844 3845 3846 3847 3848 3849 3850 3851 3852 3853 3854 3855 3856 3857 3858 3859 3860 3861 3862 3863 3864 3865 3866 3867 3868 3869 3870 3871 3872 3873 3874 3875 3876 3877 3878 3879 3880 3881 3882 3883 3884 3885 3886 3887 3888 3889 3890 3891 3892 3893 3894 3895 3896 3897 3898 3899 3900 3901 3902 3903 3904 3905 3906 3907 3908 3909 3910 3911 3912 3913 3914 3915 3916 3917 3918 3919 3920 3921 3922 3923 3924 3925 3926 3927 3928 3929 3930 3931 3932 3933 3934 3935 3936 3937 3938 3939 3940 3941 3942 3943 3944 3945 3946 3947 3948 3949 3950 3951 3952 3953 3954 3955 3956 3957 3958 3959 3960 3961 3962 3963 3964 3965 3966 3967 3968 3969 3970 3971 3972 3973 3974 3405 3406 3975 3976 3977 3979 396 3980 3619 366 3622 3623 2086 3639 592 593 279 596 400 401 3993 3994 3995 3996 3997 3998 3649 392 393 4007 4010 4050 941 4051 4052 4053 4054 1247 630 4055 4058 4060 4064 640 4065 4066 425 426 696 698 560 707 708 4049 458 923 4168 4169 4170 682 
3982 1 300 
3983 349 613 360 1977 364 379 1403 
3987 697 
3988 3981 
3992 697 
4001 1 300 
4004 769 
4005 769 
4006 769 
4009 697 
4011 769 
4012 769 
4013 769 
4014 769 
4015 769 
4016 769 
4017 769 
4018 769 
4019 769 
4020 769 
4021 769 
4022 769 
4023 769 
4024 769 
4025 769 
4026 769 
4027 769 
4028 769 
4029 769 
4030 769 
4031 769 
4032 769 
4033 769 
4034 769 
4035 769 
4036 769 
4037 769 
4038 769 
4039 769 
4040 769 
4041 769 
4042 769 
4043 769 
4044 769 
4045 769 
4046 769 
4047 769 
4048 3981 
4049 3981 
4057 697 
4061 1901 1901 
4062 1901 
4063 1 769 
4067 3627 280 621 1901 
4073 697 
4079 697 
4093 697 
4110 697 
4136 697 
4142 280 621 
4143 280 4142 4145 621 4146 
4144 4145 
4145 4144 280 621 1901 
4146 621 
4148 697 
4152 697 
4154 697 
4157 1823 628 360 365 1607 1252 361 362 363 1755 366 1606 425 426 379 394 1609 1610 1611 640 3403 3404 3405 3406 3402 3400 3410 
4158 697 
4159 697 
4160 697 
4165 697 
4166 697 
4167 697 
4169 3981 
4170 3981 
4171 3981 
4173 280 
4174 280 4173 4176 
4176 4175 280 1901 
4177 2439 764 360 365 592 593 2442 884 2443 2444 2445 2446 595 361 279 596 2449 696 698 379 396 268 
4178 2439 764 360 365 592 593 2442 884 2443 2444 2445 2446 595 361 279 596 2449 696 698 379 396 268 
4179 697 
4180 697 
4181 697 
4182 697 
4183 1901 
4184 1901 3638 280 621 
4185 4184 
4186 697 
4187 1901 1901 
4188 50 
4189 1901 1901 
4190 1901 
4191 280 280 
4193 4192 
4194 4192 
4195 280 280 
4198 4197 
4199 4197 
4200 280 280 
4202 4201 
4204 4203 
4205 280 621 
4206 2600 280 1901 621 
4207 697 
4208 697 
4209 697 
4210 1901 1901 1901 1901 621 621 
4211 1901 
4212 4211 4909 3637 4221 6900 7363 
4213 697 
4214 697 
4215 697 
4216 697 
4217 1901 
4218 122 
4219 280 280 621 
4220 122 
4221 4212 280 1901 621 
4222 697 
4223 697 
4224 697 
4225 697 
4226 697 
4227 697 
4228 1901 1901 
4229 1901 
4230 697 
4231 697 
4232 697 
4233 2439 764 360 365 592 593 2442 884 2443 2444 2445 2446 595 361 279 596 2449 696 698 379 396 268 
4234 697 
4235 697 
4236 697 
4237 697 
4238 697 
4239 697 
4240 697 
4241 697 
4242 697 
4243 697 
4244 1901 
4245 4176 
4246 10 
4247 697 
4248 697 
4249 697 
4250 697 
4251 697 
4252 1901 
4253 697 
4254 1901 
4255 1901 
4256 4255 
4257 1901 1901 
4258 1901 
4259 4258 5320 
4260 697 
4261 697 
4262 697 
4263 1901 1901 
4264 1901 
4265 697 
4266 697 
4267 697 
4268 697 5658 
4269 697 
4270 10 
4271 47 
4272 10 4246 
4273 1901 
4274 1901 
4275 4274 
4276 1901 
4277 1901 
4278 1901 
4279 1901 
4280 697 
4281 697 
4282 1901 
4283 697 
4284 1901 
4285 3576 
4286 697 
4287 1901 
4288 697 
4289 1901 
4290 697 
4291 697 
4292 697 
4293 697 
4294 697 
4295 697 
4296 697 
4297 697 
4298 697 
4299 1901 
4300 1901 
4301 1901 
4302 1901 
4303 1901 
4304 1901 
4305 1901 
4306 697 
4307 1901 1901 
4308 1901 1901 1901 1901 1901 
4309 1901 
4310 4309 3628 5143 5144 5367 
4311 1901 
4312 1901 1901 
4313 697 
4314 697 
4315 697 
4316 697 
4317 697 
4318 697 
4319 697 
4320 1901 
4321 1901 
4322 1901 
4323 4322 
4324 1901 
4325 1901 
4326 4325 
4327 1901 
4328 1901 
4329 1901 
4330 1901 
4331 697 
4332 697 
4333 2122 
4334 10 
4335 10 
4336 3456 
4337 10 
4338 2 
4339 2 
4340 10 
4341 10 
4342 10 
4343 1901 1901 1901 1901 1901 
4344 1901 
4345 4344 4145 3632 4365 4067 
4346 1901 
4347 697 
4348 697 
4349 697 
4350 1901 
4351 1901 1901 
4352 1901 
4353 4352 4354 
4354 1901 
4355 1901 
4356 1901 
4357 1901 1901 
4358 1901 
4359 1901 
4360 1901 
4361 10 4246 
4362 67 
4363 29 
4364 67 
4365 1901 
4366 1901 
4367 1901 
4368 2 
4369 2 
4370 697 
4371 697 
4372 697 
4373 80 
4375 697 
4376 697 
4377 697 
4378 697 
4379 697 
4380 697 
4381 697 
4382 697 
4383 697 
4384 697 
4385 1901 1901 
4386 1901 1901 
4387 697 
4388 697 
4389 697 
4390 10 
4391 697 
4392 697 
4393 697 
4394 697 
4395 697 
4396 697 
4397 697 
4398 697 
4399 697 
4400 1901 1901 
4401 1901 
4402 1901 
4403 47 
4404 122 
4405 10 4390 
4406 10 4246 
4407 122 
4408 122 
4409 1901 
4410 1901 
4411 1901 
4412 1901 
4413 1901 
4414 1901 
4415 1901 
4416 1901 
4417 1901 
4418 1901 1901 
4419 1901 
4420 1901 
4421 697 
4422 697 
4423 697 
4424 1901 
4425 1901 
4426 697 
4427 697 
4428 697 
4430 697 
4431 1901 
4432 1901 
4433 1901 
4434 1901 
4435 1901 
4436 1901 
4437 1901 
4438 697 
4439 697 
4440 697 
4441 697 
4442 697 
4443 697 
4444 697 
4445 1901 
4446 697 
4447 1901 
4448 1901 
4449 697 
4450 1901 
4451 697 
4452 697 
4453 122 
4454 122 
4455 122 
4456 10 
4457 10 
4458 10 4390 
4459 10 
4460 122 
4461 95 
4462 3461 
4463 3461 
4464 3461 
4465 95 
4466 3462 
4467 95 
4468 10 
4469 10 
4470 10 4390 
4471 10 
4472 1901 
4473 1901 
4474 1901 
4475 1901 
4476 1901 
4477 1901 
4478 4477 7425 
4479 1901 
4480 1901 
4481 1901 1901 
4482 1901 
4483 1901 
4484 1901 
4485 1901 
4486 1901 
4487 1901 
4488 1901 
4489 1901 
4490 1901 
4491 1901 
4492 1901 
4493 1901 
4494 1901 
4495 10 
4496 10 
4497 1901 
4498 10 4246 
4499 10 4246 
4500 10 4246 
4501 10 4246 
4502 1901 
4503 697 
4504 697 
4505 1901 
4506 1901 
4507 1901 
4508 80 
4509 697 
4510 697 
4511 697 
4512 697 
4513 697 
4514 697 
4515 697 
4516 697 
4517 697 
4518 697 5658 
4519 122 
4520 10 4390 
4521 1901 
4522 1901 
4524 697 
4525 697 
4526 697 
4527 697 
4528 697 
4529 697 
4530 697 
4531 1901 
4532 697 
4533 697 
4534 697 
4535 10 4246 
4536 10 
4537 697 
4538 697 
4539 697 
4540 1901 
4541 1901 
4542 1901 
4543 1901 
4544 1901 
4545 1901 
4546 697 
4547 697 
4548 697 
4549 697 
4550 697 
4551 1901 
4552 1901 
4553 1901 
4554 1901 1901 
4555 697 5658 
4556 697 
4557 47 
4558 10 4536 
4559 10 
4560 10 
4561 10 
4562 10 
4563 10 
4564 1901 
4565 1901 
4566 1901 
4567 697 
4568 697 
4569 697 
4570 1901 
4571 697 
4572 1901 
4573 1901 
4574 1901 1901 
4575 1901 
4576 1901 1901 
4577 1901 1901 
4578 697 
4579 697 
4580 1901 1901 1901 
4581 1901 
4582 4581 4788 4801 
4583 697 
4584 1901 
4585 697 
4586 1901 
4588 697 
4589 10 
4590 67 
4591 10 4536 
4592 10 
4593 10 
4594 3464 
4595 3464 
4596 3464 
4597 60 
4598 1901 
4599 1901 
4600 3464 
4601 3464 
4602 3464 
4603 3464 
4604 3464 
4605 1901 
4606 1901 
4607 1901 
4608 1901 
4609 1901 
4610 1901 
4611 1901 
4612 1901 
4613 1901 
4614 1901 
4615 1901 
4616 1901 
4617 1901 
4618 1901 
4619 1901 
4620 1901 
4621 1901 
4622 1901 
4623 1901 
4624 1901 
4625 1901 
4626 1901 
4627 1901 
4628 1901 
4629 1901 
4630 1901 
4631 1901 
4632 1901 
4633 1901 
4634 1901 
4635 1901 
4636 1901 
4637 1901 
4638 1901 
4639 1901 
4640 1901 
4641 1901 
4642 1901 
4643 1901 
4644 1901 
4645 1901 
4646 1901 
4647 1901 
4648 1901 
4649 1901 
4650 1901 
4651 1901 
4652 1901 
4653 1901 
4654 1901 
4655 1901 
4656 1901 
4657 1901 
4658 1901 
4659 1901 
4660 1901 
4661 1901 
4662 1901 
4663 1901 
4664 1901 
4665 1901 
4666 1901 
4667 1901 
4668 1901 
4669 1901 
4670 1901 
4671 1901 
4672 1901 
4673 1901 
4674 1901 
4675 1901 
4676 1901 
4677 1901 
4678 1901 
4679 1901 
4680 1901 
4681 1901 
4682 1901 
4683 1901 
4684 1901 
4685 1901 
4686 1901 
4687 1901 
4688 1901 
4689 1901 
4690 1901 
4691 1901 
4692 1901 
4693 1901 
4694 1901 
4695 1901 
4696 1901 
4697 1901 
4698 1901 
4699 1901 
4700 1901 
4701 1901 
4702 1901 
4703 697 
4704 697 
4705 697 
4706 1901 
4707 697 
4708 697 
4709 697 
4710 1901 
4711 1901 
4712 1901 
4713 1901 
4714 697 
4715 1901 
4716 1901 
4717 697 
4718 697 
4719 697 
4720 697 
4721 697 
4722 697 
4723 697 
4724 697 
4725 1901 
4726 1901 
4727 1901 
4728 1901 
4729 1901 
4730 1901 
4731 1901 
4732 1901 
4733 1901 
4734 1901 
4735 1901 
4736 1901 
4737 1901 
4738 1901 
4739 1901 
4740 1901 
4741 1901 
4742 1901 
4743 3464 
4744 3464 
4745 154 
4746 3464 
4747 3464 4748 
4748 3464 
4749 23 
4750 16 
4751 16 
4752 16 
4753 23 
4754 23 
4755 3464 
4756 16 
4757 3464 
4758 1901 
4759 1901 
4760 1901 
4761 1901 
4762 1901 
4763 1901 
4764 1901 
4765 1901 
4766 1901 
4767 1901 
4768 1901 
4769 4768 
4770 1901 
4771 1901 
4772 1901 
4773 1901 
4774 1901 
4775 1901 
4776 1901 
4777 1901 
4778 1901 
4779 1901 
4780 1901 
4781 1901 
4782 1901 
4783 1901 
4784 1901 
4785 1901 
4786 1901 
4787 1901 
4788 1901 
4789 1901 
4790 1901 
4791 1901 
4792 1901 
4793 1901 
4794 697 
4795 697 
4796 697 
4797 697 
4798 697 
4799 697 
4800 1901 
4801 1901 
4802 1901 
4803 697 
4804 697 
4805 697 
4806 1901 1901 
4807 1901 
4808 3464 
4809 31 
4810 33 4748 
4811 31 
4812 10 
4813 10 
4814 31 
4815 23 
4816 23 
4817 23 
4818 10 
4819 3464 4748 
4820 16 
4821 1901 
4822 1901 
4823 1901 
4824 1901 
4825 1901 
4826 1901 
4827 1901 
4828 1901 
4829 1901 
4830 1901 
4831 697 
4832 697 
4833 697 
4834 3464 
4835 23 
4836 23 
4837 23 
4838 23 
4839 23 
4840 23 
4841 23 
4842 23 
4843 23 
4844 23 
4845 23 
4846 23 
4847 154 
4848 23 
4849 23 
4850 23 
4851 23 
4852 23 
4853 23 
4854 23 
4855 10 
4856 3468 
4857 3464 
4858 16 
4859 16 
4860 16 
4861 697 
4862 1901 
4863 1901 
4864 1901 
4865 697 
4866 1901 
4867 1901 
4868 1901 
4869 1901 
4870 1901 
4871 1901 
4872 1901 
4873 1901 
4874 1901 
4875 1901 
4876 1901 
4877 1901 
4878 1901 
4879 1901 
4880 1901 
4881 1901 
4882 1901 
4883 1901 
4884 1901 
4885 1901 
4886 1901 1901 
4887 1901 
4888 697 
4889 1901 
4890 1901 
4891 1901 1901 
4892 697 
4893 697 
4894 697 
4895 1901 
4896 1901 
4897 16 
4898 16 
4899 60 
4900 23 
4901 31 
4902 3469 
4903 3464 4748 
4904 3464 4748 
4905 3464 4748 
4906 16 
4907 31 
4908 1901 
4909 1901 
4910 1901 1901 
4911 1901 1901 
4912 1901 
4913 1901 
4914 1901 
4915 1901 
4916 1901 
4917 1901 
4918 1901 
4919 1901 
4920 1901 
4921 1901 
4922 1901 
4923 1901 
4924 1901 
4925 1901 
4926 1901 
4927 1901 
4928 1901 
4929 1901 
4930 1901 
4931 3464 
4932 3464 4748 
4933 1901 
4934 1901 
4935 1901 
4936 1901 
4937 1901 
4938 1901 
4939 1901 
4940 1901 
4941 1901 
4942 1901 
4943 1901 
4944 1901 
4945 1901 
4946 1901 
4947 1901 
4948 1901 
4949 1901 
4950 1901 
4951 1901 
4952 1901 
4953 1901 
4954 1901 
4955 1901 
4956 1901 
4957 1901 
4958 1901 
4959 1901 
4960 2439 764 360 365 592 593 2442 884 2443 2444 2445 2446 595 361 279 596 2449 696 698 379 396 268 
4961 1901 
4962 1901 
4963 1901 
4964 1901 
4965 1901 
4966 1901 
4967 1901 
4968 1901 
4969 3469 
4970 3469 
4971 31 
4972 23 
4973 3464 
4974 1901 
4975 697 
4976 697 
4977 697 
4978 697 5658 
4979 1901 
4980 697 
4981 697 
4982 1901 
4983 1901 
4984 1901 
4985 1901 
4986 1901 
4987 1901 
4988 697 
4989 697 
4990 697 
4991 697 
4992 697 
4993 3464 
4994 3464 4748 
4995 122 
4996 3464 4748 
4997 3464 4748 
4998 3464 
4999 3469 
5000 1901 
5001 1901 
5002 1901 
5003 1901 
5004 1901 
5005 1901 
5006 1901 
5007 1901 
5008 1901 
5009 1901 
5010 1901 
5011 1901 
5012 1901 
5013 1901 
5014 1901 
5015 1901 
5016 1901 
5017 1901 
5018 1901 
5019 1901 
5020 697 
5021 1901 
5022 697 
5023 697 
5024 2439 300 360 365 592 593 2442 884 2443 2444 2445 2446 595 361 279 596 2449 696 698 379 396 268 
5025 1901 
5026 1901 
5027 1901 
5028 1901 
5029 1901 
5030 1901 
5031 1901 
5032 1901 
5033 1901 
5034 1901 
5035 1901 
5036 1901 
5037 1901 
5038 1901 
5039 1901 
5040 1901 
5041 3469 
5042 3464 4748 
5043 122 
5044 122 
5045 122 
5046 3464 
5047 23 
5048 23 
5049 23 
5050 3464 
5051 122 
5052 122 
5053 3464 4748 
5054 1901 
5055 1901 
5056 1901 
5057 1901 
5058 1901 
5059 1901 
5060 1901 
5061 1901 
5062 1901 
5063 1901 
5064 1901 
5065 1901 
5066 1901 
5067 1901 
5068 1901 
5069 1901 
5070 1901 
5071 697 
5072 697 
5073 697 
5074 1901 
5075 1901 
5076 1901 
5077 1901 
5078 697 
5079 697 
5080 3469 
5081 31 
5082 122 
5083 3464 4748 
5084 23 
5085 3469 
5086 1901 
5087 1901 
5088 1901 
5089 1901 
5090 1901 
5091 1901 
5092 1901 
5093 1901 
5094 1901 
5095 1901 
5096 1901 
5097 3464 
5098 23 
5099 23 
5100 3464 4748 
5101 3464 
5102 31 
5103 3464 
5104 1901 
5105 1901 
5106 1901 
5107 1901 
5108 1901 
5109 1901 
5110 1901 
5111 1901 
5112 1901 
5113 697 
5114 697 
5115 697 
5116 1901 
5117 1901 
5118 1901 
5119 1901 
5120 1901 
5121 1901 
5122 1901 
5123 23 
5124 23 
5125 23 
5126 23 
5127 154 
5128 16 
5129 16 
5130 3464 
5131 3464 4748 
5132 23 
5133 23 
5134 23 
5135 23 
5136 3464 
5137 1901 
5138 1901 
5139 1901 
5140 1901 
5141 697 
5142 697 
5143 1901 
5144 1901 
5145 1901 
5146 697 
5147 697 
5148 1901 
5149 1901 
5150 1901 
5151 697 5658 
5152 697 
5153 3464 4748 
5154 3464 
5155 3464 
5156 3470 4748 
5157 3470 
5158 3471 
5159 3471 
5160 3464 
5161 3471 
5162 3471 
5163 3464 4748 
5164 3464 
5165 1901 
5166 1901 
5167 1901 
5168 1901 
5169 1901 
5170 1901 
5171 1901 
5172 1901 
5173 1901 
5174 1901 
5175 1901 
5176 1901 
5177 1901 
5178 1901 
5179 697 
5180 697 
5181 697 5658 
5182 1901 
5183 1901 
5184 1901 
5185 1901 
5186 1901 
5187 1901 
5188 1901 
5189 3464 
5190 3471 
5191 3471 
5192 10 
5193 10 
5194 3471 
5195 3464 4748 
5196 3464 
5197 1901 
5198 1901 
5199 1901 
5200 1901 
5201 1901 
5202 1901 
5203 1901 
5204 1901 
5205 1901 
5206 1901 
5207 1901 
5208 1901 
5209 1901 
5210 1901 
5211 1901 
5212 1901 
5213 1901 
5214 1901 
5215 1901 
5216 1901 
5217 1901 
5218 1901 
5219 1901 
5220 1901 
5221 1901 
5222 1901 
5223 1901 
5224 1901 
5225 1901 
5226 1901 
5227 1901 
5228 1901 
5229 1901 
5230 1901 
5231 1901 
5232 1901 
5233 1901 
5234 1901 
5235 1901 
5236 697 
5237 697 
5238 697 
5239 1901 
5240 1901 
5241 1901 
5242 1901 
5243 1901 
5244 1901 
5245 1901 1901 
5246 1901 
5247 5246 5248 
5248 1901 
5249 1901 
5250 3471 5161 
5251 3464 
5252 3471 
5253 3470 5161 
5254 3472 5161 
5255 3472 
5256 16 
5257 3470 
5258 3470 5161 
5259 3464 
5260 1901 
5261 697 
5262 697 
5263 1901 
5264 1901 
5265 1901 
5266 1901 
5267 3464 
5268 3472 5161 
5269 3464 
5270 16 
5271 3464 
5272 3464 
5273 3464 
5274 1901 
5275 1901 
5276 1901 
5277 1901 
5278 1901 
5279 697 
5280 697 
5281 697 
5282 697 5658 
5283 697 
5284 697 
5285 697 
5286 697 
5287 697 
5288 697 
5289 697 
5290 697 
5291 1901 
5292 697 
5293 697 
5294 697 
5295 1901 1901 5490 5490 5658 5658 5658 5658 5658 5658 5658 5658 5658 5658 5658 5658 5658 5658 5658 5658 5658 5658 5658 5658 5658 5658 5658 5658 5658 5658 5658 5658 5658 5658 5658 5658 5658 5658 5658 5658 5658 5658 5658 5658 5658 5658 5658 5658 5658 5658 5658 5658 5658 5658 5658 5658 5658 5658 5658 5658 5658 5658 5658 5658 5658 5658 5658 5658 5658 5658 5658 5658 5658 5658 5658 5658 5658 5658 5658 5658 5658 5658 5658 5658 5658 5658 5658 5658 5658 5658 5658 5658 5658 5658 5658 5658 5658 5658 5658 5658 5658 5658 5658 5658 5658 5658 5658 5658 5658 5658 5658 5658 5658 5658 5658 5658 5658 5658 5658 5658 5658 5658 5658 5658 5658 5658 5658 5658 5658 5658 5658 5658 5658 5658 5658 5658 5658 5658 5658 5658 5658 5658 5658 5658 5658 5658 5658 5658 5658 5658 5658 5658 5658 5658 5658 5658 5658 5658 5658 5658 5658 5658 5658 5658 5658 5658 5658 5658 5658 5658 5658 5658 5658 5658 5658 5658 5658 5658 5658 5658 5658 5658 5658 5658 5658 5658 5658 5658 5658 5658 5658 5658 5658 5658 5658 5658 5658 5658 5658 5658 5658 5658 5658 5658 5658 5658 5658 5658 5658 5658 5658 5658 5658 5658 5658 5658 5658 5658 5658 5658 5658 5658 5658 5658 5658 5658 5658 5658 5658 5658 5658 5658 5658 5658 5658 5658 5658 5658 5658 5658 5658 5658 5658 5658 5658 5658 5658 5658 5658 5658 5658 5658 5658 5658 5658 5658 5658 5658 5658 5658 5658 5658 5658 5658 5658 
5296 1901 
5297 5296 4206 
5298 697 
5299 697 
5300 697 
5301 3464 
5302 3464 
5303 10 
5304 3464 
5305 3476 
5307 5306 3476 
5308 3471 
5309 3471 
5310 3464 
5311 1901 
5312 1901 
5313 697 
5314 1901 
5315 697 
5316 697 
5317 697 5658 
5318 697 
5319 697 
5320 1901 
5321 1901 
5322 1901 
5323 3478 
5324 3471 
5325 16 
5326 3471 
5328 1901 
5329 1901 
5330 1901 
5331 5306 
5332 5306 
5333 16 
5334 16 
5335 16 
5336 3464 
5338 1 1901 
5339 1901 1901 
5340 1901 
5341 1901 
5342 1901 
5343 1901 
5344 1901 
5345 1901 
5346 1901 
5347 1901 
5348 1901 
5349 1901 
5350 1901 
5351 1901 
5352 1901 1901 
5354 1901 
5355 3464 4748 
5356 3464 4748 
5357 1901 
5358 697 
5359 1901 
5360 1901 
5361 5360 
5362 697 
5363 697 
5364 697 
5365 697 
5366 697 
5367 1901 
5368 1901 
5369 3464 4748 
5370 3479 
5371 3481 
5372 3471 
5373 3471 
5374 1901 
5375 1901 
5376 1901 
5377 697 
5378 1901 
5379 1901 
5380 1901 
5381 1901 
5382 1901 
5383 1901 
5384 1901 
5385 1901 
5386 1901 
5387 1901 
5388 1901 
5389 1901 
5390 1901 1901 
5391 1901 
5392 1901 
5393 1901 1901 
5394 697 
5395 697 
5396 697 
5397 1901 
5398 697 
5399 697 
5400 697 
5401 3464 4748 
5402 3481 
5403 3471 
5404 31 
5405 3471 
5406 3471 
5407 3479 
5408 31 
5409 3471 
5410 1901 
5411 1901 
5412 1901 
5413 1901 
5414 1901 
5415 1901 
5416 1901 
5417 1901 
5418 1901 
5419 1901 
5420 1901 
5421 1901 
5422 1901 
5423 1901 
5424 1901 
5425 1901 
5426 1901 
5427 1901 
5429 457 300 360 361 362 363 365 364 386 366 3980 1328 369 370 1335 895 891 1763 464 371 1329 290 379 
5430 300 
5431 2439 764 360 365 592 593 2442 884 2443 2444 2445 2446 595 361 279 596 2449 696 698 379 396 268 
5432 1901 
5433 1901 
5434 3471 
5435 3471 
5436 3471 
5437 1901 
5438 697 
5439 697 
5440 697 
5441 1901 1901 
5442 1901 1901 
5443 697 
5444 697 
5445 3464 4748 
5446 3479 
5447 3479 
5448 3479 
5449 3479 5370 
5450 697 
5451 697 
5452 697 
5453 3479 
5454 3470 5161 
5455 3470 5161 
5456 3470 5161 
5457 3479 5370 
5458 1901 
5459 1901 
5460 1901 
5461 3464 
5462 3464 4748 
5463 3464 
5464 3464 
5465 1901 
5466 1901 
5467 1901 
5468 1901 
5469 1901 
5470 1901 
5471 1901 
5472 2439 764 360 365 592 593 2442 884 2443 2444 2445 2446 595 361 279 596 2449 696 698 379 396 268 
5473 3464 
5474 3464 
5475 3464 
5476 3464 
5477 3464 
5478 1901 
5479 1901 
5480 1901 
5481 697 
5482 697 
5483 697 
5484 3464 
5485 3464 4748 
5486 1901 1901 
5487 697 
5488 697 
5490 5489 1901 294 1907 365 1605 464 1908 1909 1910 1911 1912 1913 1914 1915 1916 1917 1918 1919 1921 1922 1923 1925 1926 1927 1928 1930 1931 1942 1936 884 1851 1939 883 696 698 364 396 1461 386 379 1995 279 293 1996 362 363 640 5491 2131 1206 538 5492 369 370 1183 1709 371 5493 366 384 385 2052 941 5494 317 318 319 2018 320 5498 5499 400 401 360 425 570 562 5501 5502 5503 5507 2082 2083 1337 1389 551 553 896 897 898 899 900 901 902 903 904 905 906 907 908 909 910 911 912 913 914 915 2086 560 1257 676 426 707 607 708 1758 394 3545 702 608 916 895 891 568 585 917 5600 5601 1615 5602 584 5603 5604 5605 5606 1338 5628 5629 5637 3615 407 408 409 410 469 347 581 
5500 5490 5490 
5504 697 
5505 697 
5506 697 
5508 644 621 596 647 648 652 653 384 365 654 
5509 644 621 360 384 365 385 361 672 362 363 394 640 425 426 379 2052 366 3051 630 3052 2881 3053 1247 
5510 3464 
5512 697 
5513 697 
5514 697 
5515 697 
5516 697 
5517 697 
5518 3481 5371 
5519 697 
5520 697 
5521 697 
5522 697 
5523 697 
5524 697 
5525 16 
5526 2439 764 360 365 592 593 2442 884 2443 2444 2445 2446 595 361 279 596 2449 696 698 379 396 268 
5527 2439 764 360 365 592 593 2442 884 2443 2444 2445 2446 595 361 279 596 2449 696 698 379 396 268 
5528 1901 1901 
5529 1901 
5530 697 
5531 697 
5532 3464 4748 
5533 2439 764 360 365 592 593 2442 884 2443 2444 2445 2446 595 361 279 596 2449 696 698 379 396 268 
5534 697 
5535 697 
5536 697 
5537 16 
5538 2439 764 360 365 592 593 2442 884 2443 2444 2445 2446 595 361 279 596 2449 696 698 379 396 268 
5539 697 
5540 697 
5541 1901 1901 
5542 5490 5490 
5543 1901 
5544 280 621 
5545 2439 764 360 365 592 593 2442 884 2443 2444 2445 2446 595 361 279 596 2449 696 698 379 396 268 
5546 697 
5547 697 
5548 697 
5549 697 
5550 697 
5551 1901 
5552 1901 
5553 16 
5554 10 
5555 697 
5556 697 
5557 3464 
5558 697 
5559 1901 
5560 1901 
5561 3464 4748 
5562 697 
5563 697 
5564 697 
5565 697 
5566 697 
5567 697 
5568 697 
5569 697 
5570 1901 1901 
5571 5490 5490 
5572 1901 1901 
5573 1901 1901 
5574 697 
5575 697 
5576 5306 
5577 3476 5307 
5578 5306 
5579 1901 
5580 1901 
5581 5490 5490 
5582 1901 1901 
5583 5306 
5584 697 
5585 697 
5586 697 
5587 16 
5589 697 
5594 3530 
5596 3530 
5598 5490 
5599 5598 5636 
5600 5490 
5601 5490 
5602 5490 5490 
5603 5490 5490 
5604 5490 5490 
5605 5490 5490 
5608 697 
5609 929 579 360 361 362 363 365 366 425 426 379 394 364 1693 464 400 401 2082 2083 1337 1389 551 553 696 698 
5620 697 
5621 5490 
5622 5490 
5623 5622 
5628 5490 5490 
5629 5490 5490 
5636 5490 
5638 697 
5639 697 
5640 697 
5641 3464 4748 
5642 697 
5643 697 
5644 697 
5645 16 
5646 5490 
5647 337 769 360 365 1432 1782 362 363 1783 366 379 425 426 394 1785 2108 859 462 640 369 370 371 385 316 464 5646 
5648 344 769 360 365 1432 1782 946 947 948 362 363 366 425 426 379 394 1785 432 2110 306 345 
5649 1 769 
5652 697 
5653 697 
5654 697 
5655 347 5490 318 392 361 279 317 393 379 5646 581 657 
5656 1 1901 
5657 349 613 360 1977 364 379 347 3537 386 355 369 370 371 365 458 
5658 5646 5655 318 464 365 361 1858 400 401 379 2082 2083 1337 1389 551 553 279 5660 696 698 5661 5662 5663 5664 5665 5666 5667 5668 5669 5670 5671 5672 5673 5674 5675 5676 5677 5678 5679 5680 5681 5682 5683 5684 5685 5686 5687 5688 5689 293 5690 5691 5692 5693 5694 633 5695 5696 5697 5698 5699 5700 5701 5702 5703 5704 5705 5706 5707 5708 5709 5710 5711 5712 5713 5714 5715 5716 5717 5718 5719 5720 5721 5722 5723 5724 5725 5726 5727 5728 5729 5730 5731 5732 5733 5734 5735 5736 5737 5738 5739 5740 5741 5742 5743 5744 5745 5746 5747 5748 5749 5750 5751 5752 5753 5754 5755 5756 5757 5758 5759 5760 5761 5762 5763 5764 5765 5766 5767 5768 5769 5770 5771 5772 5773 5774 5775 5776 5777 5778 5779 5780 5781 5782 5783 5784 5786 5787 5788 5789 5790 5791 5792 5793 5794 5796 5799 5800 5803 5804 5805 5806 5807 5808 5809 5810 5811 5812 5813 5814 5815 5816 5817 5818 5819 5820 5821 5822 5823 5824 5825 5826 5827 5828 5829 5830 5831 5832 5833 5834 5835 5836 5837 5838 5839 5840 5841 5842 5843 5844 5845 5846 5847 5848 5849 5850 5851 5852 5853 5854 5855 5856 5857 5858 5859 5860 5861 5862 5863 5864 5865 5866 5867 5868 5869 5870 5871 5872 5873 5874 5875 5876 5877 5878 5879 5880 5881 5882 5883 5884 5885 5886 5887 5888 5889 5890 5891 5892 5893 5894 5895 5896 5897 5898 5899 5900 5901 5902 5903 5904 5905 5906 5907 5908 5909 5910 5911 5912 5913 5914 5915 5916 5917 5918 5919 5920 5921 5922 5923 5924 5925 5926 5927 5928 5929 5930 5931 5932 5933 5934 5935 5936 5937 5938 5939 5940 5941 5942 5943 5944 5945 5946 5947 5948 5949 5950 5951 5952 788 5953 5954 5955 5956 5957 5958 5959 5960 5961 5962 5963 5964 5965 5966 5967 5968 5969 5970 5971 5972 5973 5974 5975 5976 5977 5978 5979 5980 5981 5982 5983 5984 5985 5986 5987 5988 5989 5990 5991 5992 5993 5994 5995 5996 5997 5998 5999 6000 6001 6002 6003 6004 6005 6006 6007 6008 6009 6010 6011 6012 6013 6014 6015 6016 6017 6018 6019 6020 6021 6022 6023 6024 6025 6026 6027 6028 6029 6030 6031 6032 6033 6034 6035 6036 6037 6038 6039 6040 6041 6042 6043 6044 6045 6046 6047 6048 6049 6050 6051 6052 6053 6054 6055 6056 6057 6058 6059 6060 6061 6062 6063 6064 6065 6066 6067 6068 6069 6070 6071 6072 6073 6074 6075 6076 6077 6078 6079 6080 6081 6082 6083 6084 6085 6086 6087 6088 6089 6090 6091 6092 6093 6094 6095 6096 6097 6098 6099 6100 6101 6102 6103 6104 6105 6106 6107 6108 6109 6110 6111 6112 6113 6114 6115 6116 6117 6118 6119 6120 6121 6122 6123 6124 6125 6126 6127 6128 6129 6130 6131 6132 6133 6134 6135 6136 6137 6138 6139 6140 6141 6142 6143 6144 6145 6146 6147 6148 6149 6150 6151 6152 6153 6154 6155 853 294 6156 2029 2028 6157 6158 1998 2107 2043 6159 6160 6161 6162 6163 6164 6165 6166 6167 6168 6169 6170 6171 6172 6173 6174 6175 6176 6177 6178 3538 597 6179 6180 6181 6182 6183 6184 6185 6186 6187 6188 6189 6190 896 897 898 899 900 901 902 903 904 905 906 907 908 909 910 911 912 913 914 915 6191 2086 560 362 363 707 366 708 607 1257 676 1758 425 426 394 3545 702 369 370 371 608 570 562 916 895 891 568 585 917 5600 5601 1615 6198 584 6199 6200 6201 6202 6203 598 6205 6206 6207 6208 6209 6210 6211 6212 6213 6214 2135 6215 6216 6217 6218 6219 6220 6221 6222 6223 6224 6225 6226 6229 6231 6233 6235 6237 6239 6241 6242 6243 6244 6245 6246 6247 6248 6249 6250 6251 6252 6253 6254 6255 6256 6257 6258 6259 6260 6261 6262 6263 6264 6265 6266 6267 6268 6269 6270 6271 6272 6273 6274 6275 6276 6277 6278 6279 6280 6281 6282 6283 6284 6285 6286 6287 6288 6289 6290 6291 6292 6293 6294 6295 6296 6297 1838 6298 6299 6302 6304 1954 1969 6305 6306 6312 6314 6316 6318 6320 6322 6323 6324 6325 6327 6328 6329 1932 6330 6331 6332 6333 6334 6335 6337 6339 6340 6341 6342 6343 832 6344 6345 6346 6347 831 6348 6349 6350 6351 6352 6353 6354 6355 6356 6357 6358 6359 6360 6361 6362 6363 6364 6365 6366 6367 6368 6369 6370 6371 6372 1000 1767 6373 310 6374 6375 6376 6377 6378 6379 6380 6381 6382 6383 6384 6385 6386 6387 599 6388 3668 6389 3660 3620 3600 6390 6391 6392 6393 6394 830 6395 6396 6397 6398 6399 6400 6401 6402 6403 6404 4002 3999 4000 812 814 839 847 846 845 844 837 835 834 826 833 825 824 823 822 821 820 6405 6406 1729 6407 6408 6409 6410 3583 6411 6412 6413 6414 6415 6416 6417 6418 6419 6420 6421 6422 6423 6424 6425 6426 6427 6428 6429 6430 6431 6432 6433 6434 6435 6436 6437 6438 6439 6440 6441 6442 6443 6444 6445 6446 6447 6448 6449 6450 6451 6452 6453 6454 6455 6456 6457 6458 268 6459 6460 6461 3521 6463 6464 6466 6468 6470 6473 6480 6482 6484 6486 6487 6488 6489 6490 6491 6492 6493 6494 6495 6496 6497 6498 851 6499 6500 6501 6502 6503 6504 6505 6506 6507 6508 6509 6510 6511 6512 6513 6514 6515 6516 6517 6519 6521 6526 6528 6530 6532 6534 6536 6538 6540 6542 6544 6546 6548 6549 6551 6556 6558 6560 6562 6564 6566 6571 6574 6576 6578 6580 6582 6584 6586 6588 6590 6592 6594 6596 6598 6600 6602 6603 6605 6606 6608 6610 6612 6614 6616 6618 6619 6620 6621 6623 6625 6627 6629 6630 6631 6633 6635 6636 6637 6638 6639 6640 6641 6642 6643 6644 6646 6648 6649 6650 6651 6652 6653 6654 6655 6656 6657 6658 6659 6661 6662 6663 6664 6666 6667 6668 6670 6672 6674 6676 6677 6679 6681 6683 6685 6687 6689 6691 6692 6693 6694 6695 6696 6697 6698 6699 6700 6701 6703 6705 6707 6708 6709 6710 6711 6712 6713 6714 6715 6716 6717 6718 6719 6720 6721 6722 6723 6724 6725 6726 6727 6728 6729 6730 6731 6732 6733 6734 6735 6736 6737 6738 6739 6740 6741 6742 6743 6744 6745 6746 6747 6749 6750 6751 6752 6753 6754 6755 6756 6757 6761 6764 6769 6771 6773 6775 6776 6778 6780 6781 6783 6784 6786 6787 6789 2924 317 319 2018 6790 6791 6792 6793 6794 6795 6796 6797 6798 6799 6800 1835 6801 1834 1768 6802 6803 6804 6805 6806 6807 6808 6809 6810 6811 6812 6813 6814 6815 6816 6817 6818 6819 6820 6821 6822 6827 6829 6830 6831 6832 6833 6834 6835 6836 6837 6838 6839 6840 6841 6842 6843 6844 6845 6846 6847 6848 6849 6850 6851 6852 6853 6854 6855 6856 6857 6858 6859 6860 6861 6862 1732 6863 6864 6865 6866 6867 6868 6869 6870 6871 6872 6873 6874 6875 6876 6877 6878 6879 6880 6881 6882 6884 6886 6888 6890 6892 6906 6909 6911 6913 6915 6919 6921 6923 6925 6930 6932 6934 6936 6938 6940 6952 6958 6960 6962 6964 6966 6968 6970 6972 6974 6976 6978 6980 6982 6984 6986 6988 6989 6990 6992 6994 6996 6998 7000 7002 7004 7006 7008 7009 7015 7017 7019 7021 7023 7025 7027 7028 7030 7032 7034 7036 7038 7040 7042 7044 7046 7048 7050 7052 7054 7056 7058 7060 7062 7064 7065 7067 7068 7069 7071 7073 7075 7077 7079 7081 7083 7085 7087 7089 7090 7092 7094 7095 7097 7099 7101 7102 7104 7106 7108 7110 7112 7114 7116 7118 7120 7122 7124 7126 7128 7130 7131 7133 7135 7137 7139 7141 7143 7145 7146 7148 7150 7152 7157 7160 7162 7164 7166 7168 7170 7173 7176 7178 7179 7180 7182 7184 7185 7187 7189 7191 7193 7195 7197 7199 7201 7203 7205 7207 7209 7210 7211 7212 7213 7214 7215 7216 7217 7218 7219 7220 7221 7222 7223 7224 7225 7226 7227 7228 5592 1731 1730 1728 7229 7230 7231 7232 7233 7234 7235 7236 7237 7238 7239 7240 7241 7242 7243 7244 7245 7246 7247 7248 7249 7250 7251 3596 7252 7253 7254 7255 7256 7257 7258 7259 7260 7261 7262 7263 7264 7265 7266 7268 7269 7270 7271 7273 7274 7275 7276 7277 7278 7279 7280 7281 7282 7283 7284 7285 7286 7287 7288 7289 7290 7291 7292 7293 7294 2017 2016 2006 2015 2013 2012 2025 7295 7296 2059 2237 7297 3056 7298 7299 7300 852 7301 7303 7304 7305 7307 7308 7309 7310 308 
5659 1 5490 
5795 628 
5801 5646 
6194 697 
6195 697 
6196 5658 
6197 6196 6204 6228 6230 6232 6234 6236 6238 6240 6303 6310 6313 6315 6317 6319 6321 6326 6336 6338 6462 6465 6467 6469 6471 6476 6481 6483 6485 6518 6520 6522 6527 6529 6531 6533 6535 6537 6539 6541 6543 6545 6547 2523 6550 6552 6557 6559 6561 6563 6565 6567 6572 6575 6577 6579 6581 6583 6585 6587 6589 6591 6593 6595 6597 6599 6601 2268 6604 3061 6607 6609 6611 6613 6615 6617 6622 6624 6626 6628 4518 6632 6634 6645 6647 6660 6665 6669 6671 6673 6675 6678 6680 6682 6684 6686 6688 6690 6702 6704 6706 6748 6762 6765 6770 6772 6774 6777 6779 6782 6785 6788 6828 6883 6885 6887 6889 6891 6893 6907 6910 6912 6914 6916 6920 6922 6924 6926 6931 6933 6935 6937 6939 6941 6953 6959 6961 6963 6965 6967 6969 6971 6973 6975 6977 6979 6981 6983 6985 6987 6991 6993 6995 6997 6999 7001 7003 7005 7007 4555 7010 7016 7018 7020 7022 7024 7026 3130 7029 7031 7033 7035 7037 7039 7041 7043 7045 7047 7049 7051 7053 7055 7057 7059 7061 7063 5181 7066 7070 7072 7074 7076 7078 7080 7082 7084 7086 7088 5282 7091 7093 5317 7096 7098 7100 3221 7103 7105 7107 7109 7111 7113 7115 7117 7119 7121 7123 7125 7127 7129 2572 7132 7134 7136 7138 7140 7142 7144 7147 7149 7151 7153 7158 7161 7163 7165 7167 7169 7171 7174 7177 5151 4268 7181 7183 4978 7186 7188 7190 7192 7194 7196 7198 7200 7202 7204 7206 7208 7267 7272 7302 7306 
6198 5658 5658 
6199 5658 5658 
6204 5658 
6227 929 579 360 361 362 363 365 366 425 426 379 394 364 1693 464 400 401 2082 2083 1337 1389 551 553 696 698 
6228 5658 
6230 5658 
6232 5658 
6234 5658 
6236 5658 
6238 5658 
6240 5658 
6300 1901 1901 
6301 1901 
6303 5658 
6307 697 
6308 697 
6309 697 
6310 5658 
6311 16 
6313 5658 
6315 5658 
6317 5658 
6319 5658 
6321 5658 
6326 5658 
6336 5658 
6338 5658 
6462 5658 
6465 5658 
6467 5658 
6469 5658 
6471 5658 
6472 697 
6474 697 
6475 697 
6476 5658 
6477 697 
6478 697 
6479 254 4748 5161 
6481 5658 
6483 5658 
6485 5658 
6518 5658 
6520 5658 
6522 5658 
6523 697 
6524 697 
6525 697 
6527 5658 
6529 5658 
6531 5658 
6533 5658 
6535 5658 
6537 5658 
6539 5658 
6541 5658 
6543 5658 
6545 5658 
6547 5658 697 
6550 5658 
6552 5658 
6553 697 
6554 697 
6555 697 
6557 5658 
6559 5658 
6561 5658 
6563 5658 
6565 5658 
6567 5658 
6568 697 
6569 697 
6570 697 
6572 5658 
6573 16 
6575 5658 
6577 5658 
6579 5658 
6581 5658 
6583 5658 
6585 5658 
6587 5658 
6589 5658 
6591 5658 
6593 5658 
6595 5658 
6597 5658 
6599 5658 
6601 5658 
6604 5658 
6607 5658 
6609 5658 
6611 5658 
6613 5658 
6615 5658 
6617 5658 
6622 5658 
6624 5658 
6626 5658 
6628 5658 
6632 5658 
6634 5658 
6645 5658 
6647 5658 
6660 5658 
6665 5658 
6669 5658 
6671 5658 
6673 5658 
6675 5658 
6678 5658 
6680 5658 
6682 5658 
6684 5658 
6686 5658 
6688 5658 
6690 5658 
6702 5658 
6704 5658 
6706 5658 
6748 5658 
6758 697 
6759 697 
6760 697 
6762 5658 
6763 16 
6765 5658 
6766 697 
6767 697 
6768 697 
6770 5658 
6772 5658 
6774 5658 
6777 5658 
6779 5658 
6782 5658 
6785 5658 
6788 5658 
6823 697 
6824 697 
6825 697 
6826 3479 
6828 5658 
6883 5658 
6885 5658 
6887 5658 
6889 5658 
6891 5658 
6893 5658 
6894 697 
6895 697 
6896 697 
6897 697 
6898 697 
6899 697 
6900 1901 
6901 697 
6902 122 
6903 1901 
6904 1901 
6905 1901 
6907 5658 
6908 122 
6910 5658 
6912 5658 
6914 5658 
6916 5658 
6917 1901 1901 
6918 1901 
6920 5658 
6922 5658 
6924 5658 
6926 5658 
6927 697 
6928 697 
6929 697 
6931 5658 
6933 5658 
6935 5658 
6937 5658 
6939 5658 
6941 5658 
6942 697 
6943 697 
6944 697 
6945 1901 
6946 1901 
6947 1901 
6948 1901 
6949 697 
6950 697 
6951 697 
6953 5658 
6954 697 
6955 697 
6956 122 
6957 122 
6959 5658 
6961 5658 
6963 5658 
6965 5658 
6967 5658 
6969 5658 
6971 5658 
6973 5658 
6975 5658 
6977 5658 
6979 5658 
6981 5658 
6983 5658 
6985 5658 
6987 5658 
6991 5658 
6993 5658 
6995 5658 
6997 5658 
6999 5658 
7001 5658 
7003 5658 
7005 5658 
7007 5658 
7010 5658 
7011 697 
7012 697 
7013 697 
7014 16 
7016 5658 
7018 5658 
7020 5658 
7022 5658 
7024 5658 
7026 5658 
7029 5658 
7031 5658 
7033 5658 
7035 5658 
7037 5658 
7039 5658 
7041 5658 
7043 5658 
7045 5658 
7047 5658 
7049 5658 
7051 5658 
7053 5658 
7055 5658 
7057 5658 
7059 5658 
7061 5658 
7063 5658 
7066 5658 
7070 5658 
7072 5658 
7074 5658 
7076 5658 
7078 5658 
7080 5658 
7082 5658 
7084 5658 
7086 5658 
7088 5658 
7091 5658 
7093 5658 
7096 5658 
7098 5658 
7100 5658 
7103 5658 
7105 5658 
7107 5658 
7109 5658 
7111 5658 
7113 5658 
7115 5658 
7117 5658 
7119 5658 
7121 5658 
7123 5658 
7125 5658 
7127 5658 
7129 5658 
7132 5658 
7134 5658 
7136 5658 
7138 5658 
7140 5658 
7142 5658 
7144 5658 
7147 5658 
7149 5658 
7151 5658 
7153 5658 
7154 697 
7155 697 
7156 697 
7158 5658 
7159 16 
7161 5658 
7163 5658 
7165 5658 
7167 5658 
7169 5658 
7171 5658 
7174 5658 
7177 5658 
7181 5658 
7183 5658 
7186 5658 
7188 5658 
7190 5658 
7192 5658 
7194 5658 
7196 5658 
7198 5658 
7200 5658 
7202 5658 
7204 5658 
7206 5658 
7208 5658 
7267 5658 
7272 5658 
7302 5658 
7306 5658 
7311 260 300 360 365 379 1688 7312 361 1763 401 1237 581 
7314 1237 7311 360 365 1763 369 370 7312 1240 371 364 1755 464 5646 7316 7317 1605 379 7318 5606 7319 7320 362 363 380 381 1090 389 386 387 7321 7322 412 458 366 1728 425 426 7333 
7315 1 300 
7325 697 
7326 697 
7327 697 
7328 16 
7329 697 
7330 697 
7331 697 
7332 3479 
7334 7314 
7335 2439 764 360 365 592 593 2442 884 2443 2444 2445 2446 595 361 279 596 2449 696 698 379 396 268 
7336 337 613 360 365 1432 1782 362 363 1783 366 379 425 426 394 1785 2108 859 462 640 369 370 371 385 316 442 
7337 344 769 360 365 1432 1782 946 947 948 362 363 366 425 426 379 394 1785 432 2110 306 
7338 1 613 
7362 697 
7363 1901 
7364 697 
7365 697 
7366 697 
7383 880 628 360 365 883 496 396 884 397 885 886 369 370 887 371 400 401 362 363 364 421 425 426 379 891 568 422 423 424 386 890 894 895 896 897 898 899 900 901 902 903 904 905 906 907 908 909 910 911 912 913 914 915 585 916 917 919 920 921 922 464 778 305 389 366 924 314 925 926 927 928 
7384 929 579 360 361 362 363 365 366 425 426 379 394 364 665 932 933 934 935 
7385 929 769 360 361 362 363 365 366 425 426 379 394 665 932 933 934 935 
7386 305 782 360 1007 1008 365 1009 364 381 361 778 1012 1013 1014 938 380 369 370 371 362 363 464 366 939 379 279 596 386 458 355 429 430 425 426 394 385 640 352 940 442 941 387 314 877 944 945 315 946 947 948 949 950 952 953 581 954 956 957 432 959 960 961 962 963 964 965 966 967 968 969 970 971 972 973 974 975 976 977 978 979 980 981 288 982 983 984 994 995 996 997 998 377 378 389 594 401 932 933 328 999 1001 1002 1003 623 307 428 1019 1020 1021 1022 1023 1024 1025 1026 1027 1028 313 1090 1094 310 311 412 1706 1707 312 316 317 318 7345 319 320 321 322 784 785 1613 2103 7387 657 854 7389 7390 7388 592 593 595 7391 7392 7393 7394 3682 3683 469 1558 409 686 459 7395 783 7396 7397 422 7398 3382 1794 1795 1796 7399 7400 400 1785 7353 1888 7402 1465 7403 2086 7343 858 859 860 411 668 7340 7339 7401 7404 408 7405 7406 7407 342 1799 1804 1803 7408 7409 1797 7410 7411 7342 7412 7413 7344 7414 864 884 3618 7432 7433 7434 7435 5650 5651 1881 1882 1883 1884 1885 1880 7437 861 7341 7346 7438 292 340 2018 
7415 1901 1901 
7416 1901 
7417 697 
7418 697 
7419 1901 
7420 697 
7421 697 
7422 697 
7423 697 
7424 697 
7425 1901 
7426 697 
7427 697 
7428 697 
7429 697 
7430 697 
7431 697 
7436 1 782 
7439 929 579 360 361 362 363 365 366 425 426 379 394 364 1888 932 933 385 
7440 929 579 360 361 362 363 365 366 425 426 379 394 364 1888 932 933 385 
7441 7386 
7442 337 769 360 365 1432 1782 362 363 1783 366 379 425 426 394 1785 2108 859 462 
7443 344 769 360 365 1432 1782 946 947 948 362 363 366 425 426 379 394 1785 
7444 782 
7445 782 
